X,Y,Z,Roll,Pitch,Yaw,Time
-0.002059160266071558,0.002088076900690794,-0.06379907578229904,0.001364250667392962,-0.0010752931702882045,1.5723712853530905,STANDBY,44.783
-0.0031617635395377874,0.003254491603001952,-0.06400912255048752,0.0013968757120889957,-0.0011101693380624054,1.5723750960922356,STANDBY,45.03
-0.0022984149400144815,0.0024822347331792116,-0.06437505781650543,0.0014584104064849553,-0.0011650648666545749,1.572385125970703,STANDBY,45.277
-0.0007390696555376053,0.0010192723711952567,-0.06477589905261993,0.001515460899099463,-0.001230684807524085,1.572397740269315,STANDBY,45.535
0.0010809671366587281,-0.00070441939169541,-0.06517373770475388,0.0015809281030667356,-0.0012944862246513365,1.5724204929454741,STANDBY,45.774
0.0030373199842870235,-0.002557257656008005,-0.0655357837677002,0.0016423260094595488,-0.001359344110824168,1.5724410059072567,STANDBY,46.036
0.004950711503624916,-0.004378144629299641,-0.06587475538253784,0.00170215626712864,-0.0014233960537239903,1.5724505150599895,STANDBY,46.277
0.006896148435771465,-0.006257291883230209,-0.0661434531211853,0.001745070563629025,-0.0014689209638163445,1.572469265377384,STANDBY,46.532
0.008964244276285172,-0.008274364285171032,-0.06634502112865448,0.001784416264854127,-0.001498872530646622,1.5724849088026698,STANDBY,46.783
0.01105946023017168,-0.010344026610255241,-0.06650641560554504,0.0017981521086764872,-0.0015234681777656074,1.5725192883426808,STANDBY,47.036
0.012807929888367653,-0.012076027691364288,-0.06667652726173401,0.0018090466037390164,-0.0015442958101630207,1.5725424610453218,STANDBY,47.288
0.014380711130797863,-0.013674719259142876,-0.06683941930532455,0.0018114530248565016,-0.0015552352415397763,1.572559904717144,STANDBY,47.536
0.01595308817923069,-0.015267033129930496,-0.06698863208293915,0.0018037483096120294,-0.001555826980620623,1.572581945280779,STANDBY,47.786
0.017468679696321487,-0.016838952898979187,-0.06710749864578247,0.0017941648839039147,-0.0015440741553902626,1.572608121731554,STANDBY,48.032
0.018445666879415512,-0.017885847017169,-0.06720472872257233,0.001767163979820663,-0.0015252197626978161,1.5726247571317968,STANDBY,48.287
0.01916382648050785,-0.018668044358491898,-0.0672874003648758,0.0017289472743866375,-0.0015105844940990205,1.5726417229187228,STANDBY,48.531
0.019829189404845238,-0.019378291442990303,-0.06738654524087906,0.0016947737894949851,-0.0014781766803935172,1.5726516608290861,STANDBY,48.787
0.02037426270544529,-0.020001273602247238,-0.06745995581150055,0.001659266534261161,-0.0014503041747957466,1.57265368983173,STANDBY,49.027
0.020353907719254494,-0.020077552646398544,-0.0675460547208786,0.0016222246922550137,-0.0014039338566362856,1.5726724017320688,STANDBY,49.277
0.020253866910934448,-0.020030461251735687,-0.06764915585517883,0.0015863042790440255,-0.0013809624360874295,1.5726759170091265,STANDBY,49.532
0.02027936279773712,-0.02006901614367962,-0.06777601689100266,0.0015584299108011067,-0.001336893648840487,1.5726829071671256,STANDBY,49.784
0.0202996376901865,-0.02011512592434883,-0.06792525202035904,0.0015366909792644324,-0.0013111513108015058,1.5726801539447646,STANDBY,50.028
0.019861871376633644,-0.019694508984684944,-0.06809898465871811,0.0015063734026623304,-0.0012865184107795356,1.5726721468989293,STANDBY,50.289
0.019373225048184395,-0.019260162487626076,-0.06825477629899979,0.0014770025154573262,-0.0012550287647172802,1.572660906999607,STANDBY,50.536
0.019070355221629143,-0.01904689148068428,-0.06838417053222656,0.0014551554340866738,-0.0012320494279265397,1.5726441975592194,STANDBY,50.781
0.000795755535364151,-0.0078544020652771,0.0015283224638551474,0.0014360604109240115,-0.0012158374302089216,1.5726258223319918,STANDBY,51.034
0.0003428366035223007,-0.0074270665645599365,0.0015229065902531147,0.0014351708814499314,-0.001198189333081245,1.5726165827971443,STANDBY,51.285
-4.1894614696502686e-05,-0.0070246197283267975,0.0015725417761132121,0.0014164482709017926,-0.0011879553785547612,1.5726102739016083,STANDBY,51.537
-0.00017583556473255157,-0.006859935820102692,0.0016172410687431693,0.0014208096545187167,-0.0011900715762749314,1.5726010056121762,STANDBY,51.784
-0.0001647714525461197,-0.006844440475106239,0.0016803275793790817,0.0014089457690713346,-0.0011959752300754187,1.572580298586052,STANDBY,52.034
-0.0004480034112930298,-0.00656721368432045,0.0017300762701779604,0.001419932697899395,-0.0011947988532483573,1.5725712357696635,STANDBY,52.286
-0.0006407257169485092,-0.006399121135473251,0.0017587053589522839,0.0014297355664891532,-0.0011970043415203693,1.5725459776029476,STANDBY,52.533
-0.0005803294479846954,-0.006455110386013985,0.0017616456607356668,0.0014270060928535987,-0.001199397258460521,1.5725283692034444,STANDBY,52.79
-0.0003814622759819031,-0.0066659897565841675,0.0017836216138675809,0.001414074213243776,-0.001214553602039814,1.5725106957277768,STANDBY,53.037
-0.0005565229803323746,-0.006533246487379074,0.0018238676711916924,0.0014161631697786384,-0.0012141244951635601,1.5724837077457943,STANDBY,53.28
-0.0007023699581623077,-0.006457053124904633,0.001853130292147398,0.0014183361781758604,-0.0012160256737843152,1.5724622541482118,STANDBY,53.536
-0.0008471179753541946,-0.0064734406769275665,0.043872322887182236,-0.0018025757744910777,0.0025922262575477366,1.572461899779972,STANDBY,53.787
-0.002939898520708084,-0.0038806721568107605,0.36838701367378235,-0.0023405642714353875,0.0032325368374586114,1.5724123218704502,STANDBY,54.037
-0.007677629590034485,0.0019478639587759972,0.813083827495575,-0.000726779515389598,3.5878827475244525e-05,1.5724468711440007,STANDBY,54.281
-0.01367591880261898,0.008396088145673275,1.32289719581604,0.0009880301076916394,-0.0013863421045243738,1.5724924140984677,STANDBY,54.537
-0.019963271915912628,0.014714042656123638,1.8691471815109253,0.002370014321058743,-0.0020768821705132723,1.5725051907964538,STANDBY,54.789
-0.025691265240311623,0.020472465083003044,2.4407989978790283,0.0031407130882141533,-0.0026903087273240085,1.572559270486471,STANDBY,55.031
-0.031181229278445244,0.026039239019155502,3.0113768577575684,0.004170134663581602,-0.004892733879387386,1.516338870921407,Search,55.289
-0.03651262819766998,0.029913775622844696,3.5303585529327393,0.0032740111928430773,-0.005059014074504409,1.2989301542427878,Search,55.537
-0.039877600967884064,0.03231280669569969,3.989480972290039,0.026392167434096118,0.01745238713920111,1.0456397692349295,Search,55.785
-0.024723704904317856,0.03618514537811279,4.387308597564697,0.052096616476774014,0.06725992262363427,0.782485441365514,Search,56.037
0.03382798284292221,0.046207256615161896,4.733402729034424,0.04343573749065381,0.1032026484608649,0.5162808457997182,Search,56.284
0.14905531704425812,0.0636366680264473,5.0333662033081055,0.008371689356863348,0.10129451006650914,0.24676771561172986,Search,56.538
0.3186810314655304,0.0915016159415245,5.296408653259277,-0.02573450841009631,0.09821271151304235,0.06002493301895639,Search,56.79
0.5402429103851318,0.13711510598659515,5.52921199798584,-0.037331715226173526,0.07710227370262136,-0.009181185564722524,Search,57.032
0.8076800107955933,0.20502284169197083,5.7487616539001465,-0.035368226468563205,0.06667253375053393,-0.03563253482314556,Search,57.288
1.1131535768508911,0.2927285432815552,5.957374572753906,-0.027347262948751578,0.05407694354653347,-0.044676824412073844,Search,57.545
1.450276255607605,0.3965641260147095,6.165565490722656,-0.020435705780983082,0.05119014531373964,-0.046188875040735766,Search,57.787
1.821704626083374,0.5142083168029785,6.376607418060303,-0.012604405172169323,0.041702620685100424,-0.04432491858931989,Search,58.037
2.2185466289520264,0.6408475041389465,6.595735549926758,-0.008057958446443194,0.04022188857197749,-0.04123620589705896,Search,58.287
2.6394290924072266,0.7739121913909912,6.820843696594238,-0.003342168638482811,0.033080998808145405,-0.03772918780776475,Search,58.541
3.0848212242126465,0.912581741809845,7.059020042419434,-0.001292336150072635,0.03311809897422778,-0.034042402109827806,Search,58.801
3.5463995933532715,1.0530589818954468,7.302520751953125,0.0012052821693940771,0.027394568547606347,-0.030466600260462277,Search,59.032
4.021177291870117,1.1945117712020874,7.5542402267456055,0.0019185891142113826,0.026219788938760633,-0.027171178660120646,Search,59.29
4.5148515701293945,1.3380528688430786,7.8090434074401855,0.005840448662638547,0.011905457824468491,-0.024196668467249216,Search,59.538
5.0147318840026855,1.4797239303588867,8.054336547851562,0.01231030374765384,-0.010444659739732865,-0.02130238612624602,Search,59.793
5.511943817138672,1.6178598403930664,8.280117988586426,0.020391367375850563,-0.03862970694899571,-0.018762393793787968,Search,60.037
5.983482837677002,1.7459522485733032,8.473093032836914,0.02963442727923384,-0.0720603913068773,-0.016476674875941025,Search,60.287
6.4150919914245605,1.860107183456421,8.62755012512207,0.04142311215400686,-0.11787902563810362,-0.014736338457789332,Search,60.543
6.779398441314697,1.9534697532653809,8.743724822998047,0.0499109365046023,-0.15661969780921947,-0.013194247088160088,Search,60.797
7.060737609863281,2.022067070007324,8.829730987548828,0.048479516059160135,-0.15976238250732433,-0.011574550471034107,Search,61.037
7.254223823547363,2.0672953128814697,8.89110279083252,0.041181225329637396,-0.14087413251400008,-0.009999438128199156,Search,61.29
7.367599010467529,2.0898025035858154,8.934708595275879,0.03163321688771237,-0.11347876489162456,-0.008704586825098505,Search,61.545
7.411141872406006,2.0932509899139404,8.96861457824707,0.024282695725560056,-0.08269967883825312,0.05363269249466441,Search,61.797
7.401716232299805,2.078714370727539,9.017210006713867,0.009938726201653326,-0.05086498335003864,0.27084489265945944,Search,62.046
7.359800815582275,2.0515530109405518,9.090991020202637,-0.009114015847444715,-0.01641955040395271,0.46082384983566815,Trail,62.291
7.30172061920166,2.025186777114868,9.160154342651367,-0.019780248403549364,0.03123651072382916,0.42991955677536553,Trail,62.539
7.251574516296387,2.0151360034942627,9.219005584716797,-0.02388255484402195,0.060139618813991415,0.2265671054509022,Coarse,62.789
7.226675987243652,2.024033784866333,9.26661491394043,-0.029489452019333968,0.058206714689731466,-0.015405579409327335,Coarse,63.048
7.232932090759277,2.0496387481689453,9.30434799194336,-0.042056523263454534,0.05868390575051294,-0.2722429474208018,Coarse,63.298
7.275791645050049,2.090055465698242,9.33436393737793,-0.0469918921589852,0.04011121392250051,-0.5012540062281747,Coarse,63.547
7.351306915283203,2.145024061203003,9.359785079956055,-0.052388958632946084,0.031066894531249906,-0.5576030453059335,Coarse,63.792
7.45938777923584,2.2177603244781494,9.382596015930176,-0.0480038598179818,0.03112947940826406,-0.5522934635493418,Coarse,64.037
7.600521564483643,2.307373523712158,9.404913902282715,-0.04769777879118925,0.03709587454795828,-0.5075258453700204,Coarse,64.298
7.77654504776001,2.412785053253174,9.42744255065918,-0.038724035024643014,0.038789965212345,-0.46876256068679295,Coarse,64.541
7.986124038696289,2.530280828475952,9.45129680633545,-0.03418577834963807,0.04314985871314991,-0.40943662723037233,Coarse,64.795
8.230623245239258,2.6577138900756836,9.476327896118164,-0.02111051604151734,0.043382752686738864,-0.36314539512130234,Coarse,65.044
8.504460334777832,2.7898387908935547,9.502250671386719,-0.015161228366196235,0.046384006738662616,-0.29957465728255683,Coarse,65.3
8.809327125549316,2.9241156578063965,9.528785705566406,-0.005107857286930182,0.042533665895461904,-0.2531617124888562,Coarse,65.546
9.141807556152344,3.0575387477874756,9.55606460571289,-0.0006419460405596671,0.04310537502169596,-0.19008795817824792,Coarse,65.797
9.500919342041016,3.188058376312256,9.582587242126465,0.0071785449981688395,0.03721379116177546,-0.14322666724654637,Coarse,66.042
9.88463306427002,3.313465118408203,9.607951164245605,0.011478450149297596,0.03293884918093669,-0.07971851428481545,Coarse,66.295
10.285714149475098,3.431722402572632,9.630722999572754,0.016248458996415027,0.025437099859118347,-0.03390447696181742,Coarse,66.546
10.706087112426758,3.5423810482025146,9.65111255645752,0.018940657377242924,0.013757757842540623,0.02607031265762839,Coarse,66.794
11.136977195739746,3.64412260055542,9.668347358703613,0.019047250971197943,0.008092268370091792,0.0740557471897937,Coarse,67.043
11.575689315795898,3.7370147705078125,9.682491302490234,0.018026426434516764,-0.0034614712931216964,0.136337236562047,Coarse,67.299
12.016250610351562,3.8198843002319336,9.693672180175781,0.014379630796611163,-0.0042364262044430985,0.18272455135849516,Coarse,67.546
12.456804275512695,3.8944451808929443,9.702433586120605,0.009574311785399763,-0.01281541958451283,0.24497921864059957,Coarse,67.797
12.897031784057617,3.96313738822937,9.70931625366211,0.0032981233671305972,-0.008339298889041063,0.29084070126083894,Coarse,68.041
13.332062721252441,4.029492378234863,9.714378356933594,0.0020543553400783087,-0.014096242375671978,0.3531357804921009,Coarse,68.295
13.761609077453613,4.092814922332764,9.718351364135742,0.00516901491209848,-0.008090599440038319,0.39802713791397604,Coarse,68.545
14.187604904174805,4.151596546173096,9.7212553024292,0.004448330961167638,-0.01255897618830215,0.46015174786118046,Coarse,68.797
14.608741760253906,4.205844402313232,9.723889350891113,0.006220606155693347,-0.006119883153587688,0.5047968188908439,Coarse,69.044
15.029120445251465,4.25740385055542,9.726091384887695,0.0032715005800126105,-0.00902432203292857,0.5667906562474112,Coarse,69.283
15.443309783935547,4.305494785308838,9.72786808013916,0.002729450352489756,-0.0017297368030996137,0.6110791722920278,Coarse,69.549
15.859688758850098,4.352813243865967,9.729372024536133,-0.004063580185175142,-0.0026860968209804054,0.6724608699467522,Coarse,69.794
16.273080825805664,4.402831077575684,9.730918884277344,-0.00965223833918592,0.008145707659423261,0.7171978513386589,Coarse,70.046
16.686145782470703,4.462231636047363,9.732158660888672,-0.015351306647062506,0.007008884567767297,0.7785408655789235,Coarse,70.296
17.095674514770508,4.532372951507568,9.733222961425781,-0.016489889472723212,0.015339012257754721,0.8233215371754509,Coarse,70.544
17.50315284729004,4.616753578186035,9.734075546264648,-0.027556441724300607,0.013978216797113346,0.8845270435002189,Coarse,70.792
17.905488967895508,4.719992160797119,9.735023498535156,-0.04525023326277755,0.01388085633516304,0.9294068376210074,Coarse,71.05
18.288663864135742,4.845356464385986,9.735962867736816,-0.0650979429483416,0.0015181532362475247,0.9911983768132069,Coarse,71.292
18.640241622924805,4.994681358337402,9.737247467041016,-0.08873314410448095,-0.000608110858593187,1.0352529446270802,Coarse,71.543
18.946287155151367,5.1710100173950195,9.738664627075195,-0.09627691656351113,-0.018824676051735927,1.0970950583603718,Coarse,71.797
19.197803497314453,5.365182876586914,9.740065574645996,-0.09852889180183431,-0.031194373965263426,1.141121075549398,Coarse,72.047
19.390710830688477,5.569178581237793,9.741122245788574,-0.09080193936824824,-0.05399687215685851,1.2021652619030812,Coarse,72.296
19.521276473999023,5.76599645614624,9.741827011108398,-0.08433866500854516,-0.05427746102213864,1.246119246878896,Coarse,72.553
19.594675064086914,5.951552867889404,9.742257118225098,-0.06266976147890115,-0.07067481428384785,1.3071918348458151,Coarse,72.794
19.61732292175293,6.111687183380127,9.74242877960205,-0.06846864521503473,-0.06231402978301051,1.351312161484037,Coarse,73.046
19.591325759887695,6.248830795288086,9.742120742797852,-0.055229600518942136,-0.05329927429556848,1.412669868269239,Coarse,73.303
19.523813247680664,6.362559795379639,9.74176025390625,-0.051698897033930075,-0.04401782900094987,1.4565552035954337,Coarse,73.54
19.419912338256836,6.454286575317383,9.741484642028809,-0.036167614161968495,-0.03429143503308297,1.5178312967207774,Coarse,73.797
19.28856658935547,6.527530193328857,9.741500854492188,-0.029375694692135104,-0.020145947113633156,1.5620062165570001,Coarse,74.051
19.13823127746582,6.588876247406006,9.741703033447266,-0.010864148847759013,-0.010777870193123812,1.62380821357039,Coarse,74.298
18.978384017944336,6.643720626831055,9.742131233215332,0.0012779432581735198,0.0007779801380820692,1.6673334399845938,Coarse,74.541
18.817838668823242,6.697834014892578,9.742640495300293,0.03000548109412169,-0.0012580883922055175,1.7290945212033133,Coarse,74.795
18.671566009521484,6.7546892166137695,9.743247985839844,0.04796813428401923,0.009345420636236688,1.7726399759438374,Coarse,75.051
18.548480987548828,6.821320056915283,9.74365520477295,0.05739296972751594,-0.010478083044290497,1.834162638583455,Coarse,75.293
18.457740783691406,6.891415119171143,9.744071960449219,0.07058955729007699,-0.015121581964194738,1.877299771704946,Coarse,75.548
18.40679931640625,6.968250274658203,9.744704246520996,0.07542929053306556,-0.006031145807355597,1.9380953172829487,Coarse,75.797
18.39729881286621,7.057164669036865,9.745206832885742,0.06683409214019752,-0.009041278623044428,1.9821650246765947,Coarse,76.043
18.424644470214844,7.159505844116211,9.745478630065918,0.06313874572515464,4.653725773101158e-05,2.043585763373647,Coarse,76.299
18.48509407043457,7.279126167297363,9.745729446411133,0.052996110171079414,0.004318220075219927,2.087341145673071,Coarse,76.55
18.572168350219727,7.418173313140869,9.74592113494873,0.04811558872461295,0.015986099839210573,2.1485014716770987,Coarse,76.796
18.679162979125977,7.582464694976807,9.746233940124512,0.037518948316573875,0.02187341079115875,2.192339734235082,Coarse,77.049
18.79661750793457,7.771543025970459,9.746562957763672,0.0330790877342222,0.03276623040437707,2.253900543847356,Coarse,77.297
18.917797088623047,7.989099502563477,9.746942520141602,0.023304073140024924,0.037825718522071915,2.297078923383031,Coarse,77.552
19.03531837463379,8.234848022460938,9.747298240661621,0.015504559502005362,0.045404803007841193,2.358572975793157,Coarse,77.797
19.140621185302734,8.507099151611328,9.74771499633789,0.002080450532957712,0.051408585160970764,2.4017526070263724,Coarse,78.047
19.22331428527832,8.799599647521973,9.748063087463379,-0.01353295240551253,0.05186372622847567,2.4626671830799918,Coarse,78.298
19.2773494720459,9.109455108642578,9.748478889465332,-0.03043678030371685,0.05467767268419276,2.5062117139485216,Coarse,78.549
19.295207977294922,9.424236297607422,9.749168395996094,-0.05115219578146954,0.04359420761466035,2.5673595229771475,Coarse,78.797
19.274202346801758,9.72964859008789,9.750049591064453,-0.06891359388828298,0.041455022990703694,2.610948042073522,Coarse,79.041
19.211997985839844,10.01439094543457,9.750720024108887,-0.08565956354141253,0.017398942261934395,2.673028544583593,Coarse,79.296
19.113672256469727,10.26155948638916,9.751174926757812,-0.09883230179548282,0.016427470371127243,2.7160863439228873,Coarse,79.551
18.981191635131836,10.461441993713379,9.751309394836426,-0.096547842025757,-0.0004933625459669961,2.7778498689320426,Coarse,79.797
18.82352066040039,10.60924243927002,9.751237869262695,-0.09539300948381439,-0.0026133202482013806,2.820817665257726,Coarse,80.05
18.648395538330078,10.70410442352295,9.7509126663208,-0.08195762336254139,-0.020245391875505316,2.8830959359791617,Coarse,80.301
18.467348098754883,10.747222900390625,9.750596046447754,-0.08394978940486923,-0.028522282838821286,2.9256425658848624,Coarse,80.55
18.288768768310547,10.737133979797363,9.750185012817383,-0.07053308933973325,-0.03458558022975909,2.9869197169926505,Coarse,80.797
18.119829177856445,10.679457664489746,9.749866485595703,-0.06850798428058641,-0.03602324798703182,3.029894427457128,Coarse,81.047
17.96520233154297,10.578531265258789,9.749539375305176,-0.05539800599217428,-0.03462372347712505,3.0913701812413077,Coarse,81.3
17.825361251831055,10.438529014587402,9.749396324157715,-0.051355659961700564,-0.026782408356666433,3.1343854228642325,Coarse,81.547
17.70067596435547,10.266154289245605,9.7493257522583,-0.035223379731178395,-0.023943258449435116,-3.0872373461683815,Coarse,81.797
17.590328216552734,10.070024490356445,9.749452590942383,-0.027536042034626115,-0.019088309258222462,-3.0439787983854836,Coarse,82.052
17.491392135620117,9.857369422912598,9.74966049194336,-0.006405692081898557,-0.016631679609417794,-2.9823552250822605,Coarse,82.293
17.40176010131836,9.639223098754883,9.749987602233887,0.008712815120816135,-0.009873297065496325,-2.9391171812971657,Coarse,82.547
17.318023681640625,9.425003051757812,9.75036334991455,0.03730651363730423,-0.012269881553947804,-2.8774212479551857,Coarse,82.797
17.23458480834961,9.229169845581055,9.750743865966797,0.05957001820206635,-0.00693477271124708,-2.833914625640733,Coarse,83.043
17.146371841430664,9.065220832824707,9.750906944274902,0.06936258822679511,-0.026679549366235615,-2.7727244973143166,Coarse,83.301
17.057342529296875,8.94171142578125,9.750861167907715,0.0779184848070144,-0.017553038895130033,-2.7293425679167336,Coarse,83.554
16.959012985229492,8.862099647521973,9.750492095947266,0.07242289185523983,-0.014387729577720058,-2.6677303194960182,Coarse,83.797
16.848854064941406,8.823665618896484,9.750045776367188,0.06824206560850136,-0.014857924543321032,-2.6247258067091526,Coarse,84.051
16.72572898864746,8.822153091430664,9.74963665008545,0.0616380907595157,-0.004322428721934458,-2.56301735639177,Coarse,84.3
16.58387565612793,8.85234546661377,9.74940299987793,0.05065924301743503,0.0029655999969692075,-2.5199813723524636,Coarse,84.549
16.421611785888672,8.907005310058594,9.749356269836426,0.04223510995507234,0.015022755600512116,-2.458541619773728,Coarse,84.795
16.236530303955078,8.976158142089844,9.749541282653809,0.032379858195781666,0.021915208548307506,-2.41555117368303,Coarse,85.043
16.027400970458984,9.050688743591309,9.749807357788086,0.02368997782468792,0.03029079735279091,-2.3541350245436257,Coarse,85.296
15.794107437133789,9.123010635375977,9.750163078308105,0.015317305922508209,0.03645402565598497,-2.3110842585524147,Coarse,85.55
15.539684295654297,9.18635082244873,9.750524520874023,0.0031784053426235567,0.03786312416195877,-2.2495858550032204,Coarse,85.797
15.266449928283691,9.233599662780762,9.750986099243164,-0.006934723816812063,0.040738239884376595,-2.206375110145432,Coarse,86.05
14.983864784240723,9.25738525390625,9.751453399658203,-0.028151774778962146,0.034166265279054704,-2.1443662524183815,Coarse,86.294
14.702401161193848,9.253254890441895,9.751935005187988,-0.045843500643968596,0.03834735602140433,-2.101834046836716,Coarse,86.557
14.432265281677246,9.21607494354248,9.752511978149414,-0.0647343993186951,0.022851482033729616,-2.0396904826124733,Coarse,86.796
14.187691688537598,9.14700698852539,9.753210067749023,-0.07672238349914555,0.02445551194250588,-1.9972383856733864,Coarse,87.052
13.977670669555664,9.04597282409668,9.753560066223145,-0.0822267010807991,0.004984439350664638,-1.9348113417585915,Coarse,87.307
13.809185981750488,8.92041301727295,9.753671646118164,-0.08984839916229251,0.00470067048445349,-1.8924553275068825,Coarse,87.551
13.690592765808105,8.77385139465332,9.753551483154297,-0.08175498992204669,-0.00868011172860858,-1.8309068560560773,Coarse,87.798
13.621993064880371,8.616127014160156,9.753339767456055,-0.08244097232818606,-0.01350640784949062,-1.7880568385084694,Coarse,88.052
13.60257625579834,8.452471733093262,9.752608299255371,-0.07042722404003145,-0.018845314159989326,-1.7258458018263405,Coarse,88.304
13.628600120544434,8.289656639099121,9.751781463623047,-0.06777790933847429,-0.01857571117579935,-1.6832265734633034,Coarse,88.545
13.698166847229004,8.130006790161133,9.751031875610352,-0.05396259948611259,-0.021456815302371975,-1.620639550681931,Coarse,88.804
13.804184913635254,7.979631423950195,9.750578880310059,-0.051568269729614244,-0.01911654509603977,-1.5783510088881076,Coarse,89.062
13.942829132080078,7.838061332702637,9.750239372253418,-0.03663425892591478,-0.020953446626663222,-1.5164155205104017,Coarse,89.3
14.107035636901855,7.708266258239746,9.750158309936523,-0.03115705773234367,-0.017648499459028254,-1.4737908085200448,Coarse,89.548
14.291143417358398,7.589958667755127,9.750244140625,-0.011577750556170944,-0.017173362895846388,-1.4111243923518322,Coarse,89.801
14.483752250671387,7.481111526489258,9.750480651855469,0.0037228430155664682,-0.01312985830008986,-1.36876122554275,Coarse,90.052
14.674505233764648,7.378772258758545,9.750714302062988,0.029284000396728516,-0.01635407842695716,-1.3067542751643322,Coarse,90.299
14.851354598999023,7.280219078063965,9.75095272064209,0.04608407616615296,-0.0118455179035664,-1.2639984329554699,Coarse,90.557
15.002470970153809,7.181451320648193,9.75106430053711,0.05709401890635492,-0.028149895370006603,-1.2020572861048842,Coarse,90.8
15.119418144226074,7.083674907684326,9.751019477844238,0.06265328824520108,-0.015565185807645366,-1.1590317924830578,Coarse,91.056
15.203036308288574,6.978021621704102,9.75069522857666,0.05795651674270629,-0.016944117844104826,-1.097093745074,Coarse,91.301
15.253920555114746,6.86424446105957,9.750367164611816,0.057815339416265495,-0.009380946867168005,-1.0543295582148695,Coarse,91.554
15.273575782775879,6.737488746643066,9.75011920928955,0.049199711531400674,-0.00423607742413886,-0.9919287403437754,Coarse,91.808
15.268083572387695,6.596785545349121,9.75002384185791,0.04368049651384351,0.0030446378514169953,-0.9496947964045666,Coarse,92.054
15.244080543518066,6.438151836395264,9.750027656555176,0.03358928486704823,0.010255550034344122,-0.8872548778865,Coarse,92.308
15.208978652954102,6.260415077209473,9.750214576721191,0.025875676423311206,0.018132228404283444,-0.8450819691035409,Coarse,92.556
15.170110702514648,6.0637688636779785,9.750473022460938,0.015128600411117035,0.021912449970841318,-0.7827367027613781,Coarse,92.807
15.134003639221191,5.850205421447754,9.750805854797363,0.008982066065072973,0.02822285518050185,-0.7405850132319591,Coarse,93.054
15.108001708984375,5.622197151184082,9.751096725463867,-0.002593609271571085,0.026981774717569258,-0.6788140972468517,Coarse,93.299
15.09642219543457,5.381721019744873,9.751413345336914,-0.009149600751698067,0.0313885398209094,-0.6362754543635508,Coarse,93.552
15.104105949401855,5.1352314949035645,9.751664161682129,-0.026248490437865306,0.023938547819852718,-0.5743385990473887,Coarse,93.804
15.134400367736816,4.892282962799072,9.751996040344238,-0.04122711345553404,0.025019004940986543,-0.5317222317073007,Coarse,94.057
15.191412925720215,4.660946846008301,9.752625465393066,-0.05600805580616004,0.010612914338707813,-0.4695727070185803,Coarse,94.301
15.271450996398926,4.4539008140563965,9.75325870513916,-0.06576025485992437,0.012788495048880447,-0.4270354946467541,Coarse,94.577
15.375998497009277,4.276922225952148,9.7536039352417,-0.06892774999141699,-0.004321860615164171,-0.3662896593424939,Coarse,94.8
15.496427536010742,4.13970947265625,9.75379753112793,-0.07356389611959467,-0.00034829601645480117,-0.32298044761153655,Coarse,95.058
15.633996963500977,4.041749954223633,9.753689765930176,-0.06690699607133876,-0.011606885120272765,-0.25969950755568966,Coarse,95.3
15.779694557189941,3.9850990772247314,9.753344535827637,-0.07016183435916912,-0.012343515641987447,-0.21751837333175147,Coarse,95.562
15.929169654846191,3.971808671951294,9.75262451171875,-0.059551928192377195,-0.01761258207261575,-0.15493874152633186,Coarse,95.798
16.07728385925293,3.998051881790161,9.751937866210938,-0.05839269235730183,-0.014995553530752768,-0.11280588706466156,Coarse,96.058
16.223012924194336,4.05942964553833,9.751348495483398,-0.04540328308939944,-0.017768021672964214,-0.050247116884913116,Coarse,96.303
16.36321449279785,4.151341438293457,9.751008033752441,-0.04186120256781591,-0.014440421015024308,-0.008023305735315902,Coarse,96.552
16.496173858642578,4.269680500030518,9.750882148742676,-0.027421128004789488,-0.01683201827108872,0.05452139774826576,Coarse,96.808
16.620349884033203,4.406832695007324,9.750957489013672,-0.02054221928119673,-0.013293708674609783,0.09671922127274042,Coarse,97.058
16.738384246826172,4.557492256164551,9.751079559326172,-0.00483297649770989,-0.014070315286517261,0.1593063632634021,Coarse,97.307
16.849563598632812,4.713688373565674,9.751198768615723,0.005320170894265029,-0.009507474489510179,0.20158429543045545,Coarse,97.535
16.95639419555664,4.868376731872559,9.751361846923828,0.028267502784728855,-0.01734721474349511,0.2645870010044913,Coarse,97.807
17.058738708496094,5.0056304931640625,9.751545906066895,0.04112580046057685,-0.00706308428198111,0.30659826199081913,Coarse,98.061
17.16571617126465,5.121623516082764,9.75151538848877,0.047488283365964716,-0.018543139100074883,0.370067671933446,Coarse,98.304
17.275449752807617,5.210930824279785,9.751399040222168,0.054013624787330454,-0.01206524297595036,0.4115962545063834,Coarse,98.551
17.392009735107422,5.270516395568848,9.751195907592773,0.048705857247114015,-0.013842212967574707,0.4743448058750967,Coarse,98.813
17.51624870300293,5.302134037017822,9.751043319702148,0.04549209401011449,-0.004881366156041731,0.5161069194462636,Coarse,99.061
17.651952743530273,5.3117451667785645,9.75092601776123,0.03513342887163144,-0.0035915563348681797,0.5785508314755302,Coarse,99.309
17.799928665161133,5.302811622619629,9.750898361206055,0.030988326296210088,0.006140931509435078,0.6206711093571522,Coarse,99.554
17.961997985839844,5.281487941741943,9.75092601776123,0.021752333268523022,0.009869853034615425,0.6829235712674002,Coarse,99.804
18.138364791870117,5.254295825958252,9.7510986328125,0.018706684932112493,0.01666578650474539,0.7251632968571524,Coarse,100.053
18.331378936767578,5.225930690765381,9.75125789642334,0.007096027955412657,0.01788133941590777,0.7875086824086053,Coarse,100.306
18.537660598754883,5.203207969665527,9.7515230178833,-0.002394655253738378,0.025875765830278317,0.829652980962072,Coarse,100.555
18.75507354736328,5.192869663238525,9.752130508422852,-0.01639791764318966,0.02166752330958836,0.8925416628506521,Coarse,100.808
18.973955154418945,5.1997575759887695,9.752874374389648,-0.02425047941505931,0.027724880725145274,0.9344201842930655,Coarse,101.056
19.193208694458008,5.228919506072998,9.753400802612305,-0.034968946129083855,0.018874417990446028,0.9974889914181572,Coarse,101.307
19.4035587310791,5.280503749847412,9.753854751586914,-0.04075730592012429,0.019925681874155932,1.0392605821278433,Coarse,101.566
19.598953247070312,5.355856895446777,9.754165649414062,-0.0503911674022677,0.007168102078139726,1.1030272106316428,Coarse,101.805
19.770963668823242,5.451125621795654,9.75434398651123,-0.058385450392961745,0.0072286282666027095,1.1442325274136407,Coarse,102.061
19.91398811340332,5.564975738525391,9.754317283630371,-0.05975685268640541,-0.010691626928746733,1.2059142152455191,Coarse,102.306
20.023117065429688,5.691076755523682,9.75381088256836,-0.06361648440361047,-0.0032782482448965723,1.2481775740769248,Coarse,102.548
20.096363067626953,5.828521728515625,9.753092765808105,-0.057235222309828054,-0.010753783397376582,1.3115320066597798,Coarse,102.803
20.13402557373047,5.97184419631958,9.752440452575684,-0.05759128928184534,-0.009768226183950922,1.3533245782044272,Coarse,103.056
20.13797950744629,6.120386123657227,9.751922607421875,-0.047009088099003074,-0.018861897289752978,1.4163547466185429,Coarse,103.307
20.11081314086914,6.26521110534668,9.751626014709473,-0.049371365457773465,-0.016347328200936338,1.4581392268326618,Coarse,103.553
20.051708221435547,6.406046390533447,9.751442909240723,-0.03829081729054475,-0.01736448891460896,1.5209283950414996,Coarse,103.813
19.967172622680664,6.539751052856445,9.751379013061523,-0.032911349087953824,-0.010984972119331363,1.5626810324054698,Coarse,104.06
19.862350463867188,6.669701099395752,9.751374244689941,-0.019538875669241198,-0.01197172608226537,1.6263105283167698,Coarse,104.306
19.74341583251953,6.794451713562012,9.751379013061523,-0.012176497839391476,-0.007211924996227013,1.6676126877453668,Coarse,104.56
19.615697860717773,6.914488792419434,9.751449584960938,0.003587874583899731,-0.011446602642536143,1.7311315397408347,Coarse,104.809
19.487749099731445,7.03010892868042,9.751551628112793,0.011142834089696164,-0.0059821456670760866,1.7725482145932057,Coarse,105.057
19.36609649658203,7.144104480743408,9.751651763916016,0.02801286615431285,-0.017258930951356857,1.83462126652268,Coarse,105.303
19.25884246826172,7.255959987640381,9.751782417297363,0.03860057517886138,-0.00592480739578601,1.8768536607411246,Coarse,105.548
19.171661376953125,7.371021747589111,9.751801490783691,0.04180407896637892,-0.01370210293680425,1.939912245669637,Coarse,105.814
19.108078002929688,7.4886956214904785,9.751748085021973,0.04840531200170494,-0.007940966635942407,1.9816602329399922,Coarse,106.061
19.070138931274414,7.615111827850342,9.75188159942627,0.04195654764771439,-0.008851001039147323,2.0447389940407614,Coarse,106.307
19.054912567138672,7.749174118041992,9.752284049987793,0.03669079393148401,0.001924609998241127,2.086459652581487,Coarse,106.555
19.057788848876953,7.895605564117432,9.752745628356934,0.02714041247963882,0.0023369595874101587,2.1499543348934984,Coarse,106.812
19.07330322265625,8.053009033203125,9.753162384033203,0.025451231747865455,0.010689138434827395,2.1913346211102347,Coarse,107.053
19.096235275268555,8.224991798400879,9.753517150878906,0.01561390329152324,0.011361668817699035,2.2547119418766832,Coarse,107.306
19.121686935424805,8.410066604614258,9.753824234008789,0.011405041441321161,0.01912108995020397,2.2959141890194754,Coarse,107.558
19.1444034576416,8.60751724243164,9.754068374633789,-0.0016853989800440367,0.017323717474937526,2.3593006889012194,Coarse,107.808
19.15797233581543,8.81139087677002,9.754352569580078,-0.010374204255640715,0.024663336575031367,2.400447563329015,Coarse,108.059
19.155323028564453,9.0233736038208,9.75461196899414,-0.023593353107571807,0.01803321950137625,2.4639340798046927,Coarse,108.302
19.13438606262207,9.233205795288086,9.754847526550293,-0.030958827584982116,0.022469544783234693,2.5051673213627677,Coarse,108.569
19.091440200805664,9.436373710632324,9.755034446716309,-0.03952478617429753,0.01247924193739901,2.5675113956120352,Coarse,108.808
19.027055740356445,9.625374794006348,9.755135536193848,-0.043829780071974,0.012936473824083911,2.6095995465901236,Coarse,109.055
18.94086456298828,9.796927452087402,9.75516128540039,-0.05149346962571161,-0.0040582288056610965,2.6722044507649283,Coarse,109.308
18.839357376098633,9.941337585449219,9.75509262084961,-0.05999497324228303,0.00107822590507578,2.714216903844152,Coarse,109.558
18.720258712768555,10.053861618041992,9.75487232208252,-0.05649749934673326,-0.010092055425047765,2.77809460560349,Coarse,109.8
18.592226028442383,10.131519317626953,9.75449275970459,-0.057510882616043243,-0.004487283527850986,2.8193896571781973,Coarse,110.056
18.45271873474121,10.176798820495605,9.75374698638916,-0.04907086119055764,-0.011706179939210295,2.882827834286962,Coarse,110.31
18.308834075927734,10.190988540649414,9.752998352050781,-0.04864643141627328,-0.008859828114509461,2.924107984700475,Coarse,110.566
18.162208557128906,10.174741744995117,9.752367973327637,-0.03881045430898681,-0.014695538207888485,2.987576917805944,Coarse,110.811
18.018835067749023,10.132268905639648,9.751953125,-0.0379772856831552,-0.011757122352719189,3.028606251874242,Coarse,111.063
17.876155853271484,10.065424919128418,9.751701354980469,-0.026701305061578882,-0.013569894246756906,3.092196778455053,Coarse,111.311
17.737594604492188,9.97925853729248,9.751599311828613,-0.02084608189761651,-0.008131483569741124,3.1335614482548575,Coarse,111.563
17.603416442871094,9.878946304321289,9.75162410736084,-0.005786261521279927,-0.011735801585018513,-3.0868254780729836,Coarse,111.807
17.473712921142578,9.77285385131836,9.75164794921875,0.001866466598585138,-0.005859871394932148,-3.045129644866807,Coarse,112.057
17.34607696533203,9.666712760925293,9.751684188842773,0.016942379996180437,-0.013440698385238531,-2.981479513641221,Coarse,112.292
17.222135543823242,9.567508697509766,9.751734733581543,0.024237215518951322,-0.00614492828026402,-2.94001828431688,Coarse,112.558
17.09846305847168,9.480584144592285,9.751726150512695,0.03187714889645568,-0.017657635733485104,-2.8759920477827614,Coarse,112.809
16.97854232788086,9.41202449798584,9.751696586608887,0.03714541718363753,-0.007390511222183586,-2.8350320935209816,Coarse,113.064
16.853906631469727,9.362374305725098,9.751582145690918,0.035970311611890717,-0.011679761111736183,-2.7712083935698097,Coarse,113.312
16.726198196411133,9.33297348022461,9.75147533416748,0.038401897996663964,-0.003960368223488215,-2.7303955435713356,Coarse,113.566
16.592458724975586,9.323659896850586,9.751341819763184,0.030475582927465383,-0.005538710858672746,-2.66649054288469,Coarse,113.804
16.453378677368164,9.330424308776855,9.751326560974121,0.027125775814056338,0.00489467568695556,-2.625769126411302,Coarse,114.059
16.30211639404297,9.347477912902832,9.751322746276855,0.017109801992773954,0.00429522665217529,-2.562514770027024,Coarse,114.306
16.141420364379883,9.370665550231934,9.751567840576172,0.014109617099165868,0.013858160935342406,-2.521231400962693,Coarse,114.566
15.969331741333008,9.395631790161133,9.752167701721191,0.003371782368048979,0.012258439324796299,-2.4578721404036106,Coarse,114.812
15.788153648376465,9.416526794433594,9.752874374389648,-0.0015233578160405556,0.020918579772114834,-2.4165906786879128,Coarse,115.053
15.597244262695312,9.426957130432129,9.75342082977295,-0.01208903919905428,0.0161928106099368,-2.353239047523362,Coarse,115.301
15.402209281921387,9.424626350402832,9.753850936889648,-0.017289036884903942,0.022107616066932772,-2.3120388865431374,Coarse,115.56
15.204617500305176,9.404829978942871,9.754170417785645,-0.02674338035285476,0.014139431528747162,-2.2478775858839577,Coarse,115.811
15.014361381530762,9.36649227142334,9.754413604736328,-0.032011300325393705,0.017271282151341515,-2.2069506525953835,Coarse,116.057
14.832252502441406,9.305746078491211,9.754542350769043,-0.038070160895586035,0.008091919124126502,-2.142534005637986,Coarse,116.314
14.665802001953125,9.22507381439209,9.754613876342773,-0.041230913251638426,0.00915300101041801,-2.102117526527268,Coarse,116.565
14.518322944641113,9.126075744628906,9.754523277282715,-0.04486735165119171,-0.005607240833342026,-2.037706124778611,Coarse,116.815
14.396617889404297,9.014756202697754,9.754050254821777,-0.048292659223079695,-5.927681922907601e-05,-1.9976496577223364,Coarse,117.059
14.298754692077637,8.88770866394043,9.753419876098633,-0.04502900317311288,-0.012011141516268208,-1.9343657374342507,Coarse,117.319
14.229080200195312,8.753730773925781,9.752853393554688,-0.046735752373933806,-0.005359510425478179,-1.8931698679884499,Coarse,117.56
14.187600135803223,8.612512588500977,9.7523193359375,-0.039798222482204444,-0.012392358854413003,-1.8296835303267065,Coarse,117.814
14.17255687713623,8.468330383300781,9.75189208984375,-0.040497813373804085,-0.00708964467048642,-1.7884392619093483,Coarse,118.062
14.182517051696777,8.319129943847656,9.751580238342285,-0.032682880759239204,-0.011526791378855683,-1.7243995547255102,Coarse,118.314
14.215530395507812,8.17060661315918,9.751396179199219,-0.03139349818229675,-0.007503188680857414,-1.683523643012864,Coarse,118.56
14.269522666931152,8.022651672363281,9.751355171203613,-0.021355714648962024,-0.010425360873341557,-1.6189498782118386,Coarse,118.813
14.338204383850098,7.878072738647461,9.751351356506348,-0.015464860014617447,-0.0065634697675704965,-1.578486669059617,Coarse,119.063
14.418468475341797,7.733852386474609,9.751359939575195,-0.0028240429237484928,-0.012923812493681913,-1.5141414841029308,Coarse,119.314
14.503822326660156,7.595126628875732,9.751405715942383,0.00278038252145052,-0.007758517749607575,-1.4737643440577648,Coarse,119.562
14.589469909667969,7.460022449493408,9.751444816589355,0.0142828905954957,-0.01620709709823134,-1.409398480257716,Coarse,119.813
14.667359352111816,7.331932544708252,9.75147533416748,0.01831529662013054,-0.008250790648162388,-1.3690020283076427,Coarse,120.067
14.737359046936035,7.203070640563965,9.751456260681152,0.024108108133077608,-0.017532680183649094,-1.3052360256526132,Coarse,120.31
14.794214248657227,7.077273845672607,9.751481056213379,0.02850265242159366,-0.007118748035281936,-1.264306708178248,Coarse,120.558
14.835710525512695,6.9496259689331055,9.751416206359863,0.026938756927847852,-0.011390986852347896,-1.2005130489680431,Coarse,120.811
14.861785888671875,6.820137977600098,9.75137710571289,0.027206940576434115,-0.0027188512030989426,-1.1594959934565683,Coarse,121.065
14.876202583312988,6.683529853820801,9.751343727111816,0.021035820245742784,-0.005523907486349401,-1.0956801613185068,Coarse,121.314
14.880013465881348,6.5411553382873535,9.751357078552246,0.018652772530913343,0.0037088480312376577,-1.054622336230006,Coarse,121.564
14.876564025878906,6.393182754516602,9.7514066696167,0.010556763969361763,0.0010351508390157736,-0.9903539856288096,Coarse,121.815
14.869627952575684,6.239217758178711,9.751510620117188,0.008137689903378468,0.010629354044794963,-0.9499952038142344,Coarse,122.065
14.865204811096191,6.075263977050781,9.751885414123535,-0.00046239353832791546,0.006877019070088786,-0.885698481402125,Coarse,122.318
14.865453720092773,5.906664848327637,9.752565383911133,-0.003467170987278253,0.014494004659354603,-0.845341845354762,Coarse,122.571
14.873926162719727,5.733734607696533,9.753175735473633,-0.02249958924949172,-0.007800093851983627,-0.8312069614741463,Coarse,122.81
14.891363143920898,5.574621677398682,9.75393295288086,-0.06233198195695879,-0.03865536302328118,-0.8261748989436289,Coarse,123.067
14.923887252807617,5.450492858886719,9.75462818145752,-0.07302454113960269,-0.04605678096413623,-0.8251601894709727,Fine,123.305
14.97199821472168,5.372189521789551,9.754972457885742,-0.07142275571823123,-0.045675281435251326,-0.8256394108149667,Fine,123.559
15.03480052947998,5.341043472290039,9.754820823669434,-0.06743373721838002,-0.04245769232511528,-0.8267623623225353,Fine,123.812
15.111671447753906,5.354524612426758,9.754538536071777,-0.054571446031332016,-0.03716319799423227,-0.8280336101863045,Fine,124.06
15.201844215393066,5.405213356018066,9.754209518432617,-0.05112318694591527,-0.03009048104286202,-0.8293809135768074,Fine,124.314
15.306092262268066,5.491230487823486,9.754005432128906,-0.04790684580802921,-0.023748844861984333,-0.830759688219752,Fine,124.572
15.424164772033691,5.6074652671813965,9.753703117370605,-0.04760407656431202,-0.01835541613399991,-0.8319710930201669,Fine,124.813
15.558258056640625,5.753310680389404,9.753229141235352,-0.04314932599663737,-0.014917081221938215,-0.8331505497309825,Fine,125.068
15.709921836853027,5.923933506011963,9.752731323242188,-0.04235781356692318,-0.012667406350374302,-0.8341974457118176,Fine,125.314
15.877533912658691,6.119278430938721,9.752346992492676,-0.03900132328271869,-0.012386077083647334,-0.8351313312861582,Fine,125.566
16.060033798217773,6.337372303009033,9.752022743225098,-0.037028487771749524,-0.013638189993798816,-0.8360783298823495,Fine,125.815
16.253957748413086,6.575723171234131,9.751934051513672,-0.02360848896205428,-0.01466912496835001,-0.8368407924983162,Fine,126.06
16.45793342590332,6.831579208374023,9.752145767211914,0.0023051251191645553,-0.013619650155305946,-0.8376490314814706,Fine,126.311
16.6582088470459,7.092610836029053,9.752744674682617,0.04071320965886114,-0.00875491835176953,-0.8381897648188733,Fine,126.567
16.839754104614258,7.342297554016113,9.753625869750977,0.0751707926392555,-0.0014242366887629815,-0.838658972582545,Fine,126.811
16.991886138916016,7.565071105957031,9.754339218139648,0.10030023753643033,0.008396616205573007,-0.8390068252894544,Fine,127.064
17.11164093017578,7.748600006103516,9.754731178283691,0.1028160825371742,0.014483656734228056,-0.8395830829951426,Fine,127.309
17.196794509887695,7.887326717376709,9.754728317260742,0.09851814061403273,0.017413008958101203,-0.8402203758570813,Fine,127.56
17.248046875,7.978352069854736,9.754359245300293,0.08915716409683226,0.02052300795912735,-0.8407723148677014,Fine,127.818
17.270418167114258,8.02360725402832,9.753874778747559,0.07906457036733623,0.029572837054729385,-0.8412999351832529,Fine,128.067
17.274728775024414,8.025267601013184,9.753540992736816,0.05537096410989759,0.018803369253873752,-0.8421298702571056,Fine,128.311
17.26431655883789,7.993361473083496,9.753493309020996,0.047348894178867305,0.0240119528025388,-0.8424960811946055,Fine,128.561
17.243539810180664,7.930757999420166,9.753663063049316,0.031197777017950984,0.018282314762473023,-0.8430411060664317,Fine,128.811
17.21757698059082,7.844875335693359,9.753936767578125,0.021614417433738684,0.015147266909480013,-0.8435265262934826,Fine,129.068
17.19289779663086,7.7432379722595215,9.754351615905762,0.0062937065958976425,0.00439580902457229,-0.8439866741511484,Fine,129.32
17.169296264648438,7.6334757804870605,9.754754066467285,0.009818287566304176,0.01181790418922893,-0.8442742069575447,Fine,129.561
17.14828872680664,7.515065670013428,9.755023002624512,0.002489747712388603,0.004815354943275369,-0.844640894732203,Fine,129.815
17.12982940673828,7.390714168548584,9.75518798828125,0.0021575882565229815,0.002993900328874506,-0.8449305733058114,Fine,130.059
17.117351531982422,7.265233993530273,9.755395889282227,-0.007778297178447278,-0.00908195879310378,-0.8452245434138438,Fine,130.309
17.108190536499023,7.145574569702148,9.755539894104004,-0.011287588626146344,-0.01366562303155669,-0.8454875191065931,Fine,130.566
17.100675582885742,7.036684989929199,9.755581855773926,-0.014604329131543673,-0.020252294838428577,-0.8457621773097175,Fine,130.809
17.094846725463867,6.94177770614624,9.755505561828613,-0.014091210439801249,-0.019872823730111205,-0.8460203846308848,Fine,131.074
17.093505859375,6.860151767730713,9.755398750305176,-0.014873617328703435,-0.022712307050824245,-0.8461648662898206,Fine,131.319
17.09393310546875,6.794793605804443,9.755232810974121,-0.015687335282564198,-0.023692015558481296,-0.8463567932459972,Fine,131.569
17.094860076904297,6.746374607086182,9.754706382751465,-0.01216589473187927,-0.022939752787351695,-0.8465840061518812,Fine,131.817
17.095169067382812,6.714664936065674,9.754058837890625,-0.010594160296022925,-0.02076269686222084,-0.8467396934840342,Fine,132.062
17.09732437133789,6.69686222076416,9.753446578979492,-0.009893635287880929,-0.021120779216289597,-0.8469070633265634,Fine,132.313
17.098480224609375,6.693414211273193,9.752984046936035,-0.006702100392431052,-0.01905016228556641,-0.8470360477778572,Fine,132.564
17.097652435302734,6.702418327331543,9.752671241760254,-0.004581408575177223,-0.013642769306898193,-0.8471948345515388,Fine,132.814
17.095853805541992,6.722014427185059,9.752484321594238,-0.015322571620345145,-0.025021661072969506,-0.8472644527766368,Fine,133.071
17.09665870666504,6.757710933685303,9.752382278442383,-0.00975384376943114,-0.018946049734950152,-0.8473495682093763,Fine,133.317
17.09760856628418,6.806795120239258,9.75235366821289,-0.015641793608665494,-0.023061165586114013,-0.8474446972224379,Fine,133.567
17.09872817993164,6.8719563484191895,9.752272605895996,-0.011282860301435023,-0.018599728122353637,-0.8475503166529795,Fine,133.815
17.100114822387695,6.95181131362915,9.752189636230469,-0.010893953964114226,-0.017469242215156642,-0.8476359089228771,Fine,134.064
17.104629516601562,7.042850494384766,9.752177238464355,-0.001382610527798565,-0.006858080625534138,-0.8477272232386728,Fine,134.312
17.109821319580078,7.139968395233154,9.75218677520752,0.000618754944298386,-0.005684429779648861,-0.8478240211817882,Fine,134.567
17.114782333374023,7.240377902984619,9.752260208129883,0.00855236593633887,0.00394187867641441,-0.8476728638026377,Fine,134.82
17.120044708251953,7.337100982666016,9.752334594726562,0.01155103370547292,0.005489735398441475,-0.8477441509577894,Fine,135.073
17.127992630004883,7.427799224853516,9.752394676208496,0.01776948384940621,0.012407284229993739,-0.8477713306758066,Fine,135.311
17.136930465698242,7.506394863128662,9.752412796020508,0.024255346506834002,0.016965916380286137,-0.8477634628626964,Fine,135.566
17.145462036132812,7.568727493286133,9.752388954162598,0.026155004277825317,0.01738057099282734,-0.847748442492213,Fine,135.818
17.152070999145508,7.614533424377441,9.752449035644531,0.026235094293951967,0.015886889770626945,-0.8477498730036878,Fine,136.067
17.158729553222656,7.644216537475586,9.752884864807129,0.02699372731149193,0.015577293932437813,-0.8477911194178721,Fine,136.32
17.163366317749023,7.656558990478516,9.753334045410156,0.028582109138369536,0.01782754249870769,-0.847776337465968,Fine,136.57
17.166234970092773,7.650225639343262,9.753744125366211,0.022375579923391307,0.010275599546730432,-0.8478786190364025,Fine,136.813
17.166669845581055,7.629106044769287,9.753993034362793,0.027420368045568435,0.01543029025197021,-0.8478292663905284,Fine,137.064
17.16734504699707,7.591594696044922,9.754191398620605,0.019660666584968546,0.007599028758704584,-0.847966118654933,Fine,137.315
17.166454315185547,7.541694164276123,9.754389762878418,0.018309045583009692,0.007043050602078358,-0.847905560335841,Fine,137.567
17.16339874267578,7.481988906860352,9.754605293273926,0.011413541622459857,-0.001295381342060947,-0.8479100902888439,Fine,137.82
17.15778923034668,7.416785717010498,9.754781723022461,0.007512432523071734,-0.003737146500498137,-0.8478399952265876,Fine,138.062
17.15340805053711,7.349592208862305,9.754993438720703,0.0032728244550525834,-0.008878705091774545,-0.8479358394953869,Fine,138.318
17.14794921875,7.284913063049316,9.75511646270752,-0.0008727943641133925,-0.010654295794665897,-0.8479482372614999,Fine,138.566
17.141389846801758,7.224451065063477,9.755206108093262,-0.0036194371059537216,-0.013280244544148528,-0.8478955467555187,Fine,138.815
17.133485794067383,7.170449256896973,9.755250930786133,-0.00762649811804298,-0.015909539535641753,-0.8478953083369396,Fine,139.068
17.128156661987305,7.126247882843018,9.75524616241455,-0.005627939943224222,-0.01425020117312678,-0.8478519161555431,Fine,139.315
17.12343978881836,7.090813636779785,9.754864692687988,-0.006508404389023807,-0.013582944869995195,-0.8479057987544201,Fine,139.574
17.118974685668945,7.064096450805664,9.754279136657715,-0.004042398184537917,-0.011890297755599105,-0.8479651649806165,Fine,139.823
17.114723205566406,7.0448222160339355,9.753747940063477,-0.0031898289453238535,-0.010565352626144966,-0.8479408462855479,Fine,140.068
17.113784790039062,7.032159328460693,9.753409385681152,-0.003117850283160838,-0.010978796519339168,-0.8478874405238291,Fine,140.326
17.113025665283203,7.026115417480469,9.75309944152832,-0.0015659979544580297,-0.009395838715136133,-0.8478335579249523,Fine,140.57
17.112016677856445,7.026119709014893,9.752877235412598,-0.0016337608685717303,-0.009312489069998346,-0.8477548797938488,Fine,140.82
17.110979080200195,7.0318708419799805,9.752723693847656,0.00039367785211649433,-0.008102001622319303,-0.8478914936396736,Fine,141.067
17.111345291137695,7.041635513305664,9.752588272094727,0.00020677156862799684,-0.0072156172245741714,-0.8478016098353526,Fine,141.321
17.111528396606445,7.055105209350586,9.752511024475098,-0.0023684774059802584,-0.01037390623241671,-0.8479377468440193,Fine,141.565
17.111499786376953,7.072810173034668,9.752384185791016,-9.63522325037353e-05,-0.007180712651461444,-0.8479358394953871,Fine,141.813
17.112123489379883,7.094935894012451,9.752298355102539,-0.002585413632914453,-0.011255683377385223,-0.8478090008113045,Fine,142.056
17.116140365600586,7.122664451599121,9.75230884552002,0.0008991481736302069,-0.00728410156443723,-0.8478352268550059,Fine,142.317
17.120258331298828,7.154204845428467,9.752730369567871,0.0019311006180941748,-0.007716603577137073,-0.847966595492091,Fine,142.559
17.123546600341797,7.188552379608154,9.753312110900879,0.004021329805254906,-0.004742538556456649,-0.8478316505763194,Fine,142.811
17.12601661682129,7.224084854125977,9.753779411315918,0.006250596139579981,-0.003965157084167084,-0.8477696617457529,Fine,143.066
17.130109786987305,7.259147644042969,9.75407886505127,0.0068750474601983694,-0.0022686726879329287,-0.8477057655665534,Fine,143.318
17.133846282958984,7.292429447174072,9.754318237304688,0.007916313596069783,-0.0020081184338779064,-0.847633286318507,Fine,143.569
17.13605308532715,7.324008941650391,9.754496574401855,0.009724000468850105,0.0004015201702713171,-0.847663565478053,Fine,143.815
17.13675308227539,7.3521552085876465,9.75462532043457,0.011807951144874066,0.0022898723836987395,-0.8475748737666271,Fine,144.068
17.13875389099121,7.3747758865356445,9.754637718200684,0.014464050531387301,0.0050518033094703345,-0.8475596149775644,Fine,144.324
17.13967514038086,7.390890598297119,9.754271507263184,0.013652455992996665,0.004652945790439764,-0.8474156101557871,Fine,144.568
17.139131546020508,7.3995490074157715,9.753788948059082,0.014451999217271768,0.005232520867139017,-0.8474280079219001,Fine,144.819
17.137060165405273,7.400120258331299,9.753338813781738,0.013412867672741387,0.004792955238372006,-0.8473810394618174,Fine,145.063
17.13722038269043,7.39304780960083,9.753019332885742,0.01248186640441415,0.003052977612242023,-0.8473450382563732,Fine,145.321
17.137088775634766,7.3792033195495605,9.752816200256348,0.012481403537094565,0.003972765989601535,-0.8475009640071055,Fine,145.567
17.13652229309082,7.359083652496338,9.7526273727417,0.010867893695831271,0.0005863656406290024,-0.8473808010432385,Fine,145.824
17.13494110107422,7.334365367889404,9.752537727355957,0.008705343119800061,-0.0011911781039089778,-0.8474046429011486,Fine,146.073
17.135440826416016,7.3070454597473145,9.752448081970215,0.007553202565759391,-0.003562009893357834,-0.8473912914607189,Fine,146.324
17.135251998901367,7.277754306793213,9.752362251281738,0.004721224773675174,-0.005570292938500724,-0.8472668369624279,Fine,146.569
17.13385581970215,7.249103546142578,9.752335548400879,0.004289392847567769,-0.006595382001251065,-0.8472317894313001,Fine,146.818
17.131301879882812,7.222009658813477,9.752358436584473,0.0020650315564125455,-0.008178156800568184,-0.8472618301722667,Fine,147.066
17.131052017211914,7.197520732879639,9.752452850341797,0.0015435219975188067,-0.008719579316675748,-0.8473042686793469,Fine,147.317
17.1302433013916,7.176852226257324,9.752877235412598,7.977669883982005e-05,-0.00976172834634789,-0.8472527702662609,Fine,147.574
17.128372192382812,7.1599249839782715,9.753388404846191,0.0007330336375161699,-0.008919845335185608,-0.847243948778834,Fine,147.821
17.12546157836914,7.146719455718994,9.75381088256836,0.0004624248249455969,-0.008651113137602888,-0.8472358425471442,Fine,148.07
17.125228881835938,7.136593818664551,9.754091262817383,0.001305770478211313,-0.007984387688338838,-0.8471976955744884,Fine,148.313
17.1251220703125,7.129763603210449,9.754307746887207,0.0014671235112473065,-0.007644182536751113,-0.847196741900172,Fine,148.571
17.12441635131836,7.126260280609131,9.754498481750488,0.0011622817255556265,-0.008369398303330028,-0.8472468098017832,Fine,148.82
17.123029708862305,7.126289367675781,9.754655838012695,0.0025160505902021807,-0.007242131512612185,-0.8472489555689949,Fine,149.068
17.124109268188477,7.129125595092773,9.754498481750488,0.002199880545958846,-0.007081007584929548,-0.84725563128921,Fine,149.318
17.125049591064453,7.134249210357666,9.754071235656738,0.0034630817826837,-0.005897257011383854,-0.8471552570674082,Fine,149.571
17.125015258789062,7.140737533569336,9.753628730773926,0.0031464446801691944,-0.006150710862130008,-0.8470188816401621,Fine,149.815
17.124135971069336,7.148865222930908,9.753212928771973,0.0043757781386375115,-0.005383876152336677,-0.8469773968073984,Fine,150.069
17.12541389465332,7.157751560211182,9.752941131591797,0.0032932555768638537,-0.005691931582987389,-0.8470455845210216,Fine,150.316
17.126415252685547,7.168510437011719,9.752800941467285,0.0038756383582949356,-0.005584668368101201,-0.8470169742915298,Fine,150.569
17.126161575317383,7.181065082550049,9.75267505645752,0.0037002104800194194,-0.005053197499364695,-0.847030802569117,Fine,150.82
17.125465393066406,7.193857192993164,9.752588272094727,0.004673158284276693,-0.004565644077956758,-0.8469871719691415,Fine,151.074
17.127180099487305,7.206708908081055,9.752519607543945,0.004520518239587515,-0.004429041408002457,-0.8469521244380139,Fine,151.322
17.128681182861328,7.219696998596191,9.752513885498047,0.0056651374325155926,-0.003938591107726178,-0.8469640453669689,Fine,151.567
17.129112243652344,7.2324676513671875,9.752901077270508,0.0054118232801556275,-0.004151261411607346,-0.8469919403407234,Fine,151.816
17.12851905822754,7.245537757873535,9.753393173217773,0.006587483920156927,-0.003326974343508563,-0.8469888408991957,Fine,152.066
17.130001068115234,7.257554531097412,9.753856658935547,0.007093610242009134,-0.0026854069437832464,-0.8469196995112559,Fine,152.326
17.130958557128906,7.26790714263916,9.75416374206543,0.007660519797354905,-0.0018883822485805354,-0.8470336635920662,Fine,152.569
17.131114959716797,7.276393890380859,9.75437068939209,0.00844833720475432,-0.0012716829078272794,-0.8469707210871834,Fine,152.821
17.13050079345703,7.282006740570068,9.754566192626953,0.008263237774372068,-0.0016069263219834179,-0.8470236500117442,Fine,153.065
17.132041931152344,7.28508996963501,9.75447940826416,0.015101805329322777,-0.0018776882207021985,-0.7710131843897959,Fine,153.321
17.129520416259766,7.281778812408447,9.752388000488281,0.044518288224935476,-0.008252317085862262,-0.5486845215174815,Search,153.575
17.113126754760742,7.260103702545166,9.746984481811523,0.0533307380974292,-0.0202444437891246,-0.30255870421859254,Search,153.823
17.079618453979492,7.213849067687988,9.739273071289062,0.04062885418534267,-0.03402826189994823,-0.1035478552195691,Search,154.067
17.030912399291992,7.145740985870361,9.728796005249023,0.03315682336688029,-0.04746402055025113,-0.027369900545802125,Search,154.318
16.959108352661133,7.057835102081299,9.716249465942383,0.03210889920592296,-0.049992244690656794,0.003224805989537544,Search,154.571
16.861825942993164,6.949237823486328,9.700762748718262,0.035461936146020764,-0.05305089056491864,0.015963629880223488,Search,154.814
16.73727798461914,6.81818151473999,9.683235168457031,0.0362049527466296,-0.04928196966648114,0.02087600628403239,Search,155.064
16.591678619384766,6.665343761444092,9.663363456726074,0.03151848912239062,-0.02674356475472462,0.02251477638748683,Search,155.311
16.43638038635254,6.493104457855225,9.642705917358398,0.02786581590771663,0.035230759531259405,0.0226324359562738,Search,155.561
16.302814483642578,6.303958892822266,9.619975090026855,0.028300091624259827,0.0614623352885245,0.021900967755589855,Search,155.821
16.204992294311523,6.098360061645508,9.595815658569336,0.02557201124727715,0.06561098992824542,0.020776108899388593,Search,156.064
16.149003982543945,5.879139423370361,9.568565368652344,0.027325406670570252,0.06555479019880281,0.019535855450902088,Search,156.317
16.133581161499023,5.645905017852783,9.538856506347656,0.028619775548577177,0.05926439538598048,0.018346742787633184,Search,156.565
16.156417846679688,5.394522190093994,9.50522232055664,0.03556614369153964,0.05119140446186054,0.017187313237462542,Search,156.827
16.213768005371094,5.126221656799316,9.46947193145752,0.032253343611955504,0.03703427687287318,0.01618965069321154,Search,157.07
16.300251007080078,4.8425445556640625,9.430658340454102,0.03334850072860705,0.024756858125328893,0.015337661900792585,Search,157.323
16.406999588012695,4.54168176651001,9.389328002929688,0.034861247986554975,0.01310708932578551,0.014487818875585043,Search,157.571
16.52738380432129,4.2216973304748535,9.34459400177002,0.036603283137082936,0.004211006220430013,0.01371653477219134,Search,157.822
16.65570831298828,3.882263660430908,9.298452377319336,0.02721258811652649,-0.006187903229147315,0.012973860898289809,Search,158.074
16.788007736206055,3.530547857284546,9.253449440002441,0.004481525160372132,-0.01749263145029557,0.012300209203038677,Search,158.322
16.914840698242188,3.1791887283325195,9.2129545211792,-0.029898658394813666,-0.029935494065284864,0.011848286786351692,Search,158.574
17.027223587036133,2.848039150238037,9.179827690124512,-0.07657122611999523,-0.043153747916221744,0.011407450833592795,Search,158.822
17.116802215576172,2.56329345703125,9.154647827148438,-0.10821557044982923,-0.049878314137458926,0.01078744331863909,Search,159.068
17.182619094848633,2.341562032699585,9.135375022888184,-0.11066891252994551,-0.047100611031055575,0.009992198148045688,Search,159.314
17.22283363342285,2.185708999633789,9.120427131652832,-0.09978912770748155,-0.04076023772358906,0.009213046231542184,Search,159.565
17.239479064941406,2.088441848754883,9.10853385925293,-0.08232022821903241,-0.02879888750612748,0.008505777516636866,Search,159.818
17.24110984802246,2.0426831245422363,9.099297523498535,-0.06116100773215307,0.006646227557211989,0.007570699849400682,Search,160.07
17.249305725097656,2.038590908050537,9.092351913452148,-0.04072758927941336,0.027290247380733375,0.08532996574905911,Search,160.322
17.269357681274414,2.066194534301758,9.087286949157715,-0.030844395980239074,0.028514118865132224,0.30772991577652514,Search,160.574
17.29897689819336,2.1229472160339355,9.083622932434082,-0.014143521897494977,0.039628893136978045,0.556055144467626,Search,160.819
17.344501495361328,2.203737735748291,9.080968856811523,0.008388303220271854,0.03620558232069007,0.8160159150746207,Search,161.069
17.41175079345703,2.304063558578491,9.079007148742676,0.02398627251386621,0.03255590796470638,1.0810894230988364,Search,161.32
17.5023193359375,2.419525146484375,9.077677726745605,0.034201826900243516,0.01770740933716295,1.3478621403363087,Search,161.577
17.616331100463867,2.5461928844451904,9.076417922973633,0.035851385444402445,0.008437365293502799,1.5138882594790795,Search,161.813
17.753337860107422,2.680460214614868,9.075274467468262,0.03190643712878203,0.0006391596980392983,1.5755500659022965,Search,162.071
17.912710189819336,2.822580337524414,9.074297904968262,0.030533177778124556,0.0035430870484560737,1.6000198694553711,Search,162.321
18.09290885925293,2.9709279537200928,9.073677062988281,0.02782488241791702,0.005059254355728628,1.6093451912191254,Search,162.572
18.29196548461914,3.127244234085083,9.073307991027832,0.002861202461644764,-0.0009883596794679613,1.6898056055095532,Search,162.828
18.490161895751953,3.2846436500549316,9.073773384094238,-0.06418371200561547,-0.006042123306542596,1.91219945351151,Search,163.072
18.658992767333984,3.432176351547241,9.074625015258789,-0.09116936475038552,0.018524216488003807,2.159080759682927,Search,163.326
18.782060623168945,3.5637543201446533,9.075355529785156,-0.08549195528030415,0.0452033318579198,2.4170658151295523,Search,163.572
18.85429573059082,3.6781415939331055,9.075728416442871,-0.06207577884197252,0.07589329034090052,2.6802298585560655,Search,163.823
18.871641159057617,3.781710624694824,9.0757417678833,-0.02725869044661538,0.08248453587293635,2.945403770604406,Search,164.068
18.840669631958008,3.882449150085449,9.075353622436523,0.007586129009723533,0.07664563506841673,3.1098250905659537,Search,164.324
18.76374626159668,3.9884872436523438,9.074986457824707,0.02500590868294227,0.058069683611393114,-3.11327062844835,Search,164.573
18.64885711669922,4.107127666473389,9.074801445007324,0.034560181200504185,0.04222869873046888,-3.0906839251478737,Search,164.818
18.504886627197266,4.243607521057129,9.074969291687012,0.03777958452701558,0.026824658736586685,-3.0829319834669655,Search,165.065
18.34145164489746,4.402245998382568,9.075201034545898,0.04160607233643521,0.017617557197809348,-3.0816792130430763,Search,165.322
18.164146423339844,4.582079887390137,9.075495719909668,0.043735709041356916,0.010113206692040086,-3.083186256881577,Search,165.57
17.973953247070312,4.787983417510986,9.075698852539062,0.044850595295429105,0.006666255183518055,-3.085911738868577,Search,165.819
17.77579116821289,5.018050670623779,9.07601261138916,0.031176269054412727,-0.003930713981389879,-3.0892239689787453,Search,166.073
17.577180862426758,5.263906955718994,9.076574325561523,0.0018908892525358802,-0.021093189716338986,-3.092516171928269,Search,166.314
17.388715744018555,5.510023593902588,9.077543258666992,-0.03965539485216154,-0.04425356909632671,-3.095496642585618,Search,166.567
17.225257873535156,5.733527660369873,9.078726768493652,-0.07541196793317807,-0.06290923058986653,-3.0982862591703957,Search,166.824
17.097471237182617,5.915342330932617,9.07967472076416,-0.08534233272075664,-0.06459717452526081,-3.1011808991392678,Search,167.079
17.00633430480957,6.0503058433532715,9.07991886138916,-0.08111816644668592,-0.05931001156568512,-3.1040629029234474,Search,167.323
16.950061798095703,6.138631820678711,9.079383850097656,-0.0696921050548555,-0.050907306373119215,-3.1066341280897682,Search,167.563
16.92487144470215,6.184985160827637,9.078497886657715,-0.05433475971221938,-0.03984066098928436,-3.1088921904524387,Search,167.821
16.92429542541504,6.196890354156494,9.07765007019043,-0.03727980330586445,-0.02817530743777739,-3.1110461831053318,Search,168.07
16.941349029541016,6.1838698387146,9.077096939086914,-0.02083472348749649,-0.01641987077891814,-3.1130609393080295,Search,168.316
16.969560623168945,6.153849124908447,9.07674503326416,-0.00612504594028008,-0.006452666129916783,-3.114866006370408,Search,168.572
17.003196716308594,6.114135265350342,9.076465606689453,0.006004192866384862,0.0018257991177962453,-3.116587388511521,Search,168.823
17.036338806152344,6.073138236999512,9.076318740844727,0.014722580090165022,0.007469137664884451,-3.1182310461958473,Search,169.068
17.06481170654297,6.035141468048096,9.076229095458984,0.019778044894337536,0.010842239484191062,-3.1197699189146584,Search,169.318
17.08584213256836,6.003088474273682,9.07614803314209,0.02207515947520721,0.011665878817439194,-3.121170866485459,Search,169.568
17.09876251220703,5.979395389556885,9.076065063476562,0.02226603403687465,0.010635386221110942,-3.1226041197737278,Search,169.821
17.104219436645508,5.965811252593994,9.07602596282959,0.020777728408574943,0.008505172096192962,-3.123942124839646,Search,170.072
17.102785110473633,5.958995819091797,9.07606315612793,0.0179441515356301,0.005949270911514881,-3.1251358866652073,Search,170.329
17.095382690429688,5.959031581878662,9.07636547088623,0.014580702409148097,0.0027609744574875867,-3.1261299729307717,Search,170.579
17.083919525146484,5.965301990509033,9.07681655883789,0.011332564987242102,-0.0004160483367739898,-3.1273119330366677,Search,170.822
17.069658279418945,5.9757537841796875,9.077261924743652,0.008264904841780543,-0.0031829446088521445,-3.1283579945524758,Search,171.079
17.05402374267578,5.985966682434082,9.077635765075684,0.005714859813451647,-0.00556944869458663,-3.129325735565049,Search,171.326
17.038610458374023,5.995804309844971,9.077893257141113,0.004152151755988477,-0.007256464567035313,-3.1301480412443703,Search,171.569
17.025081634521484,6.005983829498291,9.078062057495117,0.0030813142657278754,-0.00845947582274663,-3.1309158682783664,Search,171.823
17.014467239379883,6.015052795410156,9.07815933227539,0.0027935532853006115,-0.008531273342668885,-3.131714808936936,Search,172.074
17.00509262084961,6.020963668823242,9.078288078308105,0.0027989030349998456,-0.004858933854848024,-3.132427442069871,Search,172.319
16.994770050048828,6.0263352394104,9.07837200164795,0.0029342717025427774,0.021769573912024626,-3.1331009745558327,Search,172.571
16.969648361206055,6.030617713928223,9.07839584350586,0.003401038236915943,0.03691535070538533,-3.1337195515593117,Search,172.821
16.92266845703125,6.03410005569458,9.078399658203125,0.004000442102551334,0.0322522930800916,-3.134273040290696,Search,173.073
16.853843688964844,6.034503936767578,9.078388214111328,0.004415001720189922,0.03784793987870229,-3.1347068428953713,Search,173.319
16.760574340820312,6.03369665145874,9.078314781188965,0.00500174285843956,0.03633309528231633,-3.135168182845933,Search,173.57
16.643308639526367,6.032537460327148,9.078143119812012,0.005905556958168617,0.040198795497417575,-3.1356891274412697,Search,173.824
16.50035858154297,6.030953407287598,9.077986717224121,0.006690382491797083,0.0373508967459203,-3.1361044526060646,Search,174.068
16.33046531677246,6.027039527893066,9.07773494720459,0.007286632433533549,0.03984753042459501,-3.1364266753157204,Search,174.324
16.13472557067871,6.023043155670166,9.07727336883545,0.007611060980707287,0.03634780272841466,-3.136841285224778,Search,174.577
15.912100791931152,6.019484043121338,9.076711654663086,0.008413169533014185,0.04020291194319736,-3.13721488713823,Search,174.824
15.664527893066406,6.0171027183532715,9.076237678527832,0.00875367596745479,0.03507170453667654,-3.1374789357145847,Search,175.07
15.391515731811523,6.013177394866943,9.07582950592041,0.008640911430120343,0.035507023334503285,-3.137772428985459,Search,175.329
15.095436096191406,6.0104475021362305,9.075639724731445,0.008292845450341575,0.03138210251927388,-3.13807212113939,Search,175.58
14.777663230895996,6.009552955627441,9.07550048828125,0.008065294474363202,0.032234989106655246,-3.138251411910874,Search,175.829
14.438472747802734,6.010176181793213,9.075499534606934,0.007712199352681518,0.02712262235581886,-3.138539302345139,Search,176.075
14.079176902770996,6.0093536376953125,9.075446128845215,0.007062109187245247,0.02781247533857835,-3.1386774659117287,Search,176.328
13.701009750366211,6.008855819702148,9.075472831726074,0.0067673847079275816,0.02359459362924111,-3.13896905183397,Search,176.569
13.30589485168457,6.009032726287842,9.075469017028809,0.006726478226482751,0.023573219776153675,-3.1391430973967136,Search,176.825
12.894547462463379,6.009780406951904,9.075540542602539,0.006802870891988158,0.02058859728276742,-3.1393531441649025,Search,177.072
12.466753005981445,6.008474826812744,9.07551383972168,0.006591790821403144,0.021670671179890747,-3.139530766006333,Search,177.32
12.027641296386719,6.007024765014648,9.075549125671387,0.006493249908089519,0.018221030011773238,-3.1397243618925637,Search,177.57
11.571917533874512,6.006401538848877,9.075579643249512,0.006569795776158449,0.019341563805937895,-3.1397896885832375,Search,177.828
11.103667259216309,6.006282329559326,9.075626373291016,0.0066645815968512274,0.01663179881870759,-3.139952766891343,Search,178.07
10.622191429138184,6.005089282989502,9.075637817382812,0.02874408476054655,0.011606330052018287,3.063309625783239,Search,178.326
10.134408950805664,6.018645763397217,9.076129913330078,0.06945332884788498,0.005124885588884468,2.8403349677708487,Search,178.572
9.65337085723877,6.068049430847168,9.07686996459961,0.08283469825983028,0.020373467355966665,2.5916189710286,Search,178.818
9.185097694396973,6.160110950469971,9.077372550964355,0.0750046819448469,0.04109735414385804,2.331453696885381,Search,179.073
8.726770401000977,6.292230129241943,9.07721996307373,0.055634755641221785,0.062394615262746846,2.0660818974163875,Search,179.318
8.27696418762207,6.467745304107666,9.076764106750488,0.028634078800678014,0.06756752729415895,1.7988256374981744,Search,179.574
7.833012104034424,6.6835808753967285,9.076108932495117,0.003160279709845532,0.06366438418626787,1.633822449543748,Search,179.822
7.387271404266357,6.935800552368164,9.075601577758789,-0.007790152914822342,0.050498396158218384,1.5722808275048172,Search,180.072
6.933632850646973,7.21396541595459,9.075451850891113,-0.012878962792456407,0.038233742117881775,1.5477744611587865,Search,180.327
6.468297004699707,7.516895771026611,9.075839042663574,-0.014824209734797726,0.02691187709569931,1.5382786663856847,Search,180.58
5.996592998504639,7.833643913269043,9.076387405395508,-0.01595369726419473,0.018873183056712147,1.5353757525470595,Search,180.825
5.514611721038818,8.161356925964355,9.077174186706543,-0.006097347009927283,0.006785092875361439,1.535610110559736,Search,181.077
5.02597713470459,8.490585327148438,9.078532218933105,0.010561376810073608,-0.006899789441376928,1.5369492220368726,Search,181.322
4.541235446929932,8.814841270446777,9.080146789550781,0.03159495443105675,-0.02103435061872005,1.538968124487672,Search,181.582
4.0731120109558105,9.126007080078125,9.081793785095215,0.05604052916169142,-0.036666747182607644,1.5409529964115956,Search,181.818
3.635767698287964,9.414361953735352,9.083206176757812,0.08599293231964088,-0.05496684089303015,1.5428554537382464,Search,182.078
3.244445562362671,9.669102668762207,9.08421802520752,0.1178355440497396,-0.07442550361156465,1.5446697315808875,Search,182.333
2.919116258621216,9.879023551940918,9.084522247314453,0.1419030427932737,-0.08858756721019746,1.5465150913831334,Search,182.579
2.6745543479919434,10.036422729492188,9.084179878234863,0.14063976705074285,-0.08738233894109725,1.5486458140101773,Search,182.826
2.5101394653320312,10.14233684539795,9.08298397064209,0.12217804044485067,-0.07601790875196457,1.5507044820722677,Search,183.077
2.4144885540008545,10.203676223754883,9.081276893615723,0.09667225927114464,-0.061119489371776595,1.5522703277554848,Search,183.325
2.3768625259399414,10.227872848510742,9.079375267028809,0.06901848316192605,-0.04496346041560173,1.5535225505617003,Search,183.574
2.3826825618743896,10.224868774414062,9.07791519165039,0.04215943813323949,-0.0290770810097456,1.554526091614042,Search,183.827
2.4167795181274414,10.203847885131836,9.077275276184082,0.018365589901804678,-0.014981941320002079,1.555382958674107,Search,184.073
2.4637491703033447,10.17338752746582,9.077370643615723,-0.0001731598167682657,-0.003610362764447929,1.5565760722991566,Search,184.324
2.5134353637695312,10.140434265136719,9.077788352966309,-0.013208488933742296,0.005063216667622328,1.5575470282372574,Search,184.578
2.5570600032806396,10.110321998596191,9.078258514404297,-0.020745350047946216,0.010389795526862143,1.5584687051039674,Search,184.819
2.588592767715454,10.086321830749512,9.078651428222656,-0.02318707853555704,0.012933872640132908,1.5593776927005987,Search,185.073
2.605771064758301,10.069986343383789,9.07891845703125,-0.02197406813502336,0.013385036028921602,1.560204426818762,Search,185.325
2.6086647510528564,10.062490463256836,9.079049110412598,-0.017971681430936103,0.012140368111431599,1.5609662244704108,Search,185.583
2.598689317703247,10.063911437988281,9.07909870147705,-0.01220049988478447,0.009353541769087313,1.5618714662876465,Search,185.826
2.5787858963012695,10.072468757629395,9.079123497009277,-0.006169375032186755,0.005598091054707764,1.5626258236032469,Search,186.072
2.5513107776641846,10.087101936340332,9.079172134399414,-0.0003217113553548814,0.0020443976391106844,1.5633025244486074,Search,186.326
2.519089460372925,10.104775428771973,9.079172134399414,0.005126528441905732,-0.0012837335234507931,1.5639679423209767,Search,186.575
2.4866280555725098,10.123380661010742,9.079145431518555,0.00953081808984255,-0.004108896013349296,1.5645446191218237,Search,186.829
2.456033229827881,10.142374992370605,9.079093933105469,0.012366706505417576,-0.006272724829614161,1.565051039741609,Search,187.077
2.427670478820801,10.161267280578613,9.079150199890137,0.017292030155658483,-0.007815706543624412,1.4798326651242115,Search,187.324
2.4066274166107178,10.177375793457031,9.07928466796875,0.04377228394150711,0.0005532559007405798,1.2560259560730798,Search,187.572
2.4068126678466797,10.18858814239502,9.079334259033203,0.05374488979577995,0.015062397345900471,1.0074121514942984,Search,187.829
2.434189796447754,10.19322395324707,9.07935619354248,0.04698201268911342,0.03148003667592993,0.7474050680783135,Search,188.078
2.4887962341308594,10.194683074951172,9.079278945922852,0.037565499544143496,0.051095601171255015,0.48230131069687393,Search,188.325
2.576815605163574,10.193331718444824,9.079219818115234,0.01948399655520901,0.05892383307218541,0.21595950523880525,Search,188.572
2.6994149684906006,10.191299438476562,9.07901668548584,0.0038840235210953907,0.0645896568894385,0.056273416676793205,Search,188.83
2.8577563762664795,10.191752433776855,9.078755378723145,-0.0021406356245280513,0.061831921339034895,-0.003105922541346101,Search,189.08
3.04813551902771,10.198299407958984,9.078344345092773,-0.002364334417507179,0.062270488590001935,-0.026555581888880415,Search,189.323
3.275526285171509,10.209829330444336,9.078088760375977,0.000144551013363405,0.05749553442001332,-0.03552643855544554,Search,189.574
3.536694288253784,10.223834037780762,9.07787036895752,0.0029305217321960895,0.0565010793507098,-0.038045926890101466,Search,189.821
3.8310842514038086,10.238733291625977,9.077803611755371,0.005981325637549062,0.04968997091054905,-0.03774063189956117,Search,190.075
4.153640270233154,10.255105972290039,9.07774543762207,0.008141336962580565,0.047873020172119016,-0.03609470923873381,Search,190.326
4.503801345825195,10.27036190032959,9.078014373779297,0.009720436297356963,0.04230168089270579,-0.034002586207117665,Search,190.571
4.879992961883545,10.283263206481934,9.078450202941895,0.01066387630999077,0.040170770138501996,-0.031821294626917226,Search,190.817
5.279446601867676,10.293150901794434,9.079014778137207,0.011660005897283433,0.022842211648821706,-0.029604597887720775,Search,191.071
5.690814018249512,10.302176475524902,9.079869270324707,0.013343502767383936,-0.006532046478241806,-0.0275009115550183,Search,191.325
6.0995774269104,10.30737018585205,9.081040382385254,0.014800524339079744,-0.04415987059474003,-0.025384946665491702,Search,191.579
6.484014987945557,10.308561325073242,9.082330703735352,0.015508028678595917,-0.09417553991079342,-0.023460312685694498,Search,191.831
6.814927101135254,10.30528450012207,9.083444595336914,0.014553092420101044,-0.1332268565893174,-0.02170304854842624,Search,192.085
7.073690891265869,10.30037784576416,9.08370590209961,0.012248084880411509,-0.13594156503677376,-0.020007057985987467,Search,192.323
7.258451461791992,10.291462898254395,9.082730293273926,0.009025460109114519,-0.12224375456571589,-0.018446012339319875,Search,192.581
7.371502876281738,10.279586791992188,9.0809965133667,0.005368595011532179,-0.10219185799360289,-0.01700048049422716,Search,192.831
7.424704551696777,10.265371322631836,9.079211235046387,0.0019225927535443258,-0.07798992097377791,-0.01570896705123389,Search,193.078
7.431993007659912,10.253205299377441,9.0780029296875,-0.00039408300654043474,-0.052787892520427836,-0.01445476611587022,Search,193.33
7.406243324279785,10.24331283569336,9.077459335327148,-0.001556694041937713,-0.029082125052809847,-0.013338967165674663,Search,193.572
7.361009120941162,10.234968185424805,9.07748794555664,-0.0018855789676309835,-0.009518709033727769,-0.012273593744959715,Search,193.826
7.308455944061279,10.229172706604004,9.077794075012207,-0.0016152262687684313,0.005071134772151587,-0.011415525278772981,Search,194.077
7.258710861206055,10.228362083435059,9.078256607055664,-0.00026293081464258324,0.015010350383818032,-0.01043943961593136,Search,194.326
7.217424392700195,10.230140686035156,9.07872486114502,0.001450464245863137,0.01984316669404495,-0.009484215578760741,Search,194.579
7.188293933868408,10.233542442321777,9.07913875579834,0.0030087069608269908,0.020916100591421002,-0.008667989573206471,Search,194.826
7.172794342041016,10.238388061523438,9.07937240600586,0.004676950629800438,0.01860684528946865,-0.007894559702601195,Search,195.078
7.170797824859619,10.245903968811035,9.079657554626465,0.006025231909006711,0.014487418346106885,-0.007133408388819533,Search,195.323
7.180038928985596,10.253917694091797,9.080281257629395,0.007392879575490828,0.00925788003951299,-0.006486101946558652,Search,195.574
7.197908878326416,10.26174259185791,9.080890655517578,0.008598417043685793,0.0036822857800869915,-0.005834384760584403,Search,195.828
7.222005844116211,10.26832103729248,9.081364631652832,0.00921463780105102,-0.0017544440925122541,-0.005084200701441603,Search,196.073
7.2512593269348145,10.275344848632812,9.081597328186035,0.009783679619431374,-0.0018708967836574943,-0.004479451975550429,Search,196.323
7.286065578460693,10.2797269821167,9.081219673156738,0.009428154677152512,0.022837532684206848,-0.0038555105540416025,Search,196.578
7.338164806365967,10.281341552734375,9.080662727355957,0.008421708829700824,0.035693436861038076,-0.0034912069651743,Search,196.827
7.413324356079102,10.281068801879883,9.080140113830566,0.007982573471963279,0.0299163721501826,-0.0030949552867075656,Search,197.085
7.511930465698242,10.28166389465332,9.079693794250488,0.0073619936592875706,0.03471737354993807,-0.002673073610987414,Search,197.328
7.634157180786133,10.281899452209473,9.079338073730469,0.006912126671522732,0.031272228807210804,-0.0022507150981088877,Search,197.576
7.779342174530029,10.281898498535156,9.07897663116455,0.006860609166324019,0.034305550158023716,-0.0019145449015754903,Search,197.827
7.948514938354492,10.281524658203125,9.07868480682373,0.00705784186720836,0.03083931840956199,-0.001512213549341794,Search,198.074
8.143532752990723,10.283305168151855,9.07838249206543,0.00724501721560943,0.03301315009593951,-0.0010946234080453547,Search,198.32
8.363813400268555,10.284635543823242,9.078129768371582,0.0072392416186629486,0.02925087511539447,-0.0009276111933849499,Search,198.578
8.604179382324219,10.285748481750488,9.077825546264648,0.007657284382730603,0.03047965466976155,-0.0005963285777232912,Search,198.829
8.86634635925293,10.286477088928223,9.077661514282227,0.008025958202779177,0.027413854375481488,-0.0003415783259528702,Search,199.076
9.15307903289795,10.28911018371582,9.077183723449707,0.007976117543876048,0.028203390538692363,2.1175542149818484e-05,Search,199.332
9.461291313171387,10.291047096252441,9.076627731323242,0.007871123962104197,0.02412776090204703,0.00019033352402224497,Search,199.585
9.788252830505371,10.291730880737305,9.076040267944336,0.00773908197879779,0.023762783035635827,0.0004263679173328337,Search,199.83
10.133035659790039,10.292583465576172,9.075678825378418,0.007801590487360828,0.01990715228021132,0.0006298581745958739,Search,200.081
10.497393608093262,10.296255111694336,9.0753755569458,0.008101662620901937,0.019841423258185265,0.0007388154652454033,Search,200.326
10.877486228942871,10.299504280090332,9.075240135192871,0.008187426254153127,0.01679355651140201,0.0009989301350455172,Search,200.582
11.271231651306152,10.301265716552734,9.075103759765625,0.008229614235460633,0.01726401224732387,0.0012713233616685866,Search,200.821
11.678415298461914,10.301573753356934,9.075096130371094,0.007965533062815545,0.014456111937761189,0.0013688365605214364,Search,201.079
12.09839916229248,10.303781509399414,9.075003623962402,0.007732957135885829,0.016022890806197995,0.001448825993809923,Search,201.327
12.534404754638672,10.305191993713379,9.075065612792969,0.007491741329431412,0.012273724190890668,0.0016080896046496843,Search,201.575
12.980026245117188,10.305594444274902,9.075109481811523,0.007295346818864223,0.013161933049559474,0.0017193118718009134,Search,201.83
13.43609619140625,10.305246353149414,9.075159072875977,0.007269493304192895,0.011668909341096753,0.0017774860051014026,Search,202.08
13.906426429748535,10.30765438079834,9.075133323669434,-0.011906606145203247,0.004791661631315824,0.07784481445816545,Search,202.331
14.381361961364746,10.322378158569336,9.075706481933594,-0.05237718299031274,-0.007088437210768571,0.3001244823124746,Search,202.574
14.846724510192871,10.367977142333984,9.076494216918945,-0.07036279886961001,0.004277767613530053,0.548630313077245,Search,202.83
15.296123504638672,10.451990127563477,9.076902389526367,-0.0682726725935938,0.023998411372303866,0.8085629502919057,Search,203.08
15.733623504638672,10.577278137207031,9.076523780822754,-0.0546306967735293,0.04585801064968105,1.0737511674549918,Search,203.319
16.157625198364258,10.743240356445312,9.075759887695312,-0.032540071755647895,0.0510887838900089,1.34106366435555,Search,203.576
16.570819854736328,10.946249961853027,9.074701309204102,-0.01045871246606135,0.04935431480407714,1.5091339471426348,Search,203.827
16.980117797851562,11.18241024017334,9.073659896850586,0.0014108840841797498,0.03752924129366875,1.571735721840758,Search,204.073
17.392732620239258,11.447762489318848,9.072954177856445,0.007582003250717872,0.024371016770601276,1.596803651252065,Search,204.325
17.812366485595703,11.735377311706543,9.072611808776855,0.011567058973014107,0.011554043740034107,1.6063144403186178,Search,204.581
18.234115600585938,12.032631874084473,9.07231330871582,0.014405437745153654,0.0028312804643064794,1.6094212020423746,Search,204.831
18.663251876831055,12.337510108947754,9.072266578674316,0.016073815524577848,-0.004252374637871976,1.6094234148648123,Search,205.081
19.10352897644043,12.647392272949219,9.072318077087402,0.013234256766736265,-0.010398971848189826,1.6081858138230185,Search,205.325
19.550613403320312,12.956021308898926,9.07274341583252,-0.0010495346505197366,-0.021548116579651822,1.6065366278078894,Search,205.581
19.99557113647461,13.255516052246094,9.0740385055542,-0.021553367376327758,-0.03516767174005508,1.6046947176244595,Search,205.796
20.427988052368164,13.536528587341309,9.075778007507324,-0.047158975154161696,-0.04967394471168518,1.602953833588634,Search,206.084
20.835630416870117,13.793841361999512,9.07751750946045,-0.07959288358688378,-0.06722998619079588,1.601384055861507,Search,206.326
21.197505950927734,14.012866020202637,9.078986167907715,-0.11846354603767419,-0.08669077605009078,1.5998953721162419,Search,206.578
21.491289138793945,14.181540489196777,9.079926490783691,-0.1368471533060076,-0.09138172119855878,1.598155609392796,Search,206.833
21.70626449584961,14.297484397888184,9.079996109008789,-0.12929686903953574,-0.08200889825820921,1.5961219175395114,Search,207.078
21.849132537841797,14.366804122924805,9.079036712646484,-0.1098435148596766,-0.06756110489368439,1.5943284603443484,Search,207.318
21.928287506103516,14.395535469055176,9.077596664428711,-0.08528163284063366,-0.050874091684818254,1.5926999813553437,Search,207.57
21.95366859436035,14.391837120056152,9.078824996948242,-0.06102979555726077,-0.03372541069984436,1.5189233394947392,Search,207.83
21.936874389648438,14.367206573486328,9.100959777832031,-0.030630141496658585,-0.0207571815699339,1.4583040783789498,Trail,208.082
21.89543914794922,14.332446098327637,9.148521423339844,-0.008337496779859307,-0.0035677112173289334,1.344801114001546,Trail,208.325
21.842458724975586,14.296838760375977,9.194432258605957,0.0005787775153291931,0.036528330296277944,1.110381738343511,Coarse,208.576
21.79330825805664,14.278829574584961,9.235196113586426,0.0012759885285047443,0.05922204628586763,0.8562092939999438,Coarse,208.828
21.760839462280273,14.285669326782227,9.269221305847168,-0.01354371663182992,0.0621909610927104,0.5933370153096061,Coarse,209.071
21.74721336364746,14.320296287536621,9.297714233398438,-0.03020326979458349,0.05983315780758849,0.32598312298325127,Coarse,209.323
21.755517959594727,14.385059356689453,9.32161808013916,-0.04353826865553869,0.042129006236791486,0.05723376671341444,Coarse,209.571
21.78337860107422,14.47953987121582,9.343317031860352,-0.05334414169192325,0.025104768574237706,-0.21100966533156845,Coarse,209.821
21.82862663269043,14.605266571044922,9.36401653289795,-0.054498493671417306,0.005586390383541466,-0.37108974059554567,Coarse,210.085
21.884624481201172,14.767611503601074,9.385580062866211,-0.05012942478060729,-0.0034458723384888047,-0.38058082660170994,Coarse,210.332
21.947677612304688,14.961187362670898,9.408492088317871,-0.04864178970456131,0.0014455341733991007,-0.3688998659464975,Coarse,210.572
22.021059036254883,15.185808181762695,9.433550834655762,-0.04569461941719064,0.0056535475887357,-0.31085781653853856,Coarse,210.829
22.10567283630371,15.440522193908691,9.460421562194824,-0.0422111041843892,0.01157686207443463,-0.27520958980056287,Coarse,211.078
22.20047950744629,15.723013877868652,9.487793922424316,-0.002322954824194411,0.0092936512082814,-0.20610861381026735,Coarse,211.33
22.299829483032227,16.009414672851562,9.51098346710205,0.07050804793834675,-0.00010989978909505682,-0.1654334505412242,Coarse,211.573
22.393138885498047,16.263559341430664,9.530976295471191,0.06141441687941542,-0.0044243517331780235,-0.0939605673167369,Coarse,211.83
22.481487274169922,16.491910934448242,9.550569534301758,-0.004788185935467598,-0.009805149398744226,-0.053701444468226125,Coarse,212.074
22.565200805664062,16.730077743530273,9.569912910461426,-0.018129963427782187,-0.016232471913099417,0.016618327298436573,Coarse,212.329
22.641990661621094,16.980152130126953,9.588717460632324,-0.019844546914100775,-0.01410934887826455,0.0569703141835074,Coarse,212.579
22.71225929260254,17.24163246154785,9.607346534729004,-0.02423099987208857,-0.008811444044113275,0.12664015690353927,Coarse,212.827
22.77739906311035,17.518110275268555,9.625053405761719,-0.02723149023950113,-0.0030912042129786,0.16715200344589737,Coarse,213.073
22.838533401489258,17.811599731445312,9.641777992248535,-0.02692095376551166,0.0013940739445387122,0.23667939106491603,Coarse,213.328
22.899024963378906,18.125654220581055,9.657384872436523,-0.02626595273613945,0.004688289482146388,0.27715595165756757,Coarse,213.581
22.959007263183594,18.458402633666992,9.671928405761719,-0.02435930445790308,0.007383550517260912,0.3463174859669547,Coarse,213.828
23.019155502319336,18.80859375,9.68535327911377,-0.02249987795948999,0.007918234914541132,0.3863898078587395,Coarse,214.072
23.080493927001953,19.177711486816406,9.697587966918945,-0.01762685365974921,0.006216058041900287,0.4553522626545769,Coarse,214.328
23.142921447753906,19.56137466430664,9.708846092224121,-0.006401392165571634,-0.0024586797226221454,0.49511189857986976,Coarse,214.578
23.204044342041016,19.949811935424805,9.719035148620605,0.009410654194652843,-0.016825459897518262,0.5639075795796256,Coarse,214.825
23.26139259338379,20.33125877380371,9.72773265838623,0.026732604950666244,-0.036205634474754445,0.603400425114904,Coarse,215.081
23.314990997314453,20.693883895874023,9.734813690185547,0.04255280643701534,-0.055495008826255895,0.6718729297306875,Coarse,215.327
23.36187744140625,21.021726608276367,9.740376472473145,0.05162405967712381,-0.0732915624976159,0.711156324544225,Coarse,215.582
23.399263381958008,21.30318832397461,9.74441146850586,0.04404995590448357,-0.07261864095926293,0.7790826121952873,Coarse,215.827
23.427350997924805,21.54214859008789,9.746865272521973,0.013450141064822464,-0.0456475168466569,0.8185715238240103,Coarse,216.081
23.44875144958496,21.761484146118164,9.748024940490723,0.008866980671882413,-0.04104403406381615,0.8869403759625297,Coarse,216.331
23.461872100830078,21.95871925354004,9.749124526977539,0.005283809266984234,-0.03686247766017922,0.9254189292576651,Coarse,216.586
23.46710205078125,22.13580894470215,9.750314712524414,0.005360448267310631,-0.03359682857990272,0.9937650124218802,Coarse,216.828
23.466163635253906,22.29718589782715,9.751429557800293,-0.0009689648286441747,-0.02060825191438204,1.0320241610195975,Coarse,217.085
23.464101791381836,22.4521484375,9.752469062805176,0.0014464739942920877,-0.020382612943649354,1.0996223251011712,Coarse,217.325
23.45984649658203,22.598770141601562,9.753353118896484,-0.0050076614134015995,-0.0043611074797809644,1.1381500224259238,Coarse,217.582
23.452960968017578,22.74492073059082,9.753994941711426,-0.002309217117727039,-0.0049533429555595355,1.2062362293389182,Coarse,217.827
23.444067001342773,22.8918399810791,9.754518508911133,-0.0002520890848247857,-0.0071667255833745384,1.2443360249188284,Coarse,218.081
23.437162399291992,23.03885841369629,9.755023956298828,0.00968378875404572,-0.03537122905254368,1.3123116652157645,Coarse,218.33
23.43181800842285,23.167747497558594,9.755553245544434,0.010648813098668814,-0.05098504573106768,1.3505050996926171,Coarse,218.576
23.426959991455078,23.270469665527344,9.75596809387207,0.009616184048354392,-0.051537469029426596,1.4183673272517066,Coarse,218.842
23.422855377197266,23.346786499023438,9.756171226501465,0.004631779622286323,-0.048159867525100715,1.456065953769956,Coarse,219.08
23.420806884765625,23.402164459228516,9.756295204162598,0.00264143384993052,-0.04238472506403922,1.5233614678171017,Coarse,219.332
23.419340133666992,23.43670082092285,9.756311416625977,-0.0013227931922304133,-0.03498727828264237,1.5616788538780548,Coarse,219.581
23.417232513427734,23.454317092895508,9.75631046295166,-0.002019283827394492,-0.027123760432004915,1.62896986404923,Coarse,219.832
23.414648056030273,23.45828628540039,9.756366729736328,-0.0038959211669864716,-0.019726544618606557,1.6672524894264082,Coarse,220.082
23.412187576293945,23.455524444580078,9.756492614746094,-0.0027383978012951683,-0.012805537320673445,1.734495476880346,Coarse,220.334
23.408605575561523,23.447893142700195,9.756632804870605,-0.002632436109707003,-0.007180362008511995,1.7725652466204507,Coarse,220.578
23.40301513671875,23.438072204589844,9.756695747375488,-0.0004853880673183671,-0.0038609383627772006,1.8397954265263419,Coarse,220.832
23.396278381347656,23.42889404296875,9.756691932678223,0.0002538788830859057,-0.0020409447606652598,1.8778478960183005,Coarse,221.083
23.389177322387695,23.425146102905273,9.756742477416992,0.00190963281784183,-0.0015776364598422794,1.9449674646046502,Coarse,221.332
23.380828857421875,23.423933029174805,9.756709098815918,0.0021583708003160987,-0.0023116406518965465,1.9829088310387473,Coarse,221.584
23.37230110168457,23.423995971679688,9.756613731384277,0.0032454228494314032,-0.003356459084898177,2.0500894943859915,Coarse,221.827
23.364025115966797,23.425901412963867,9.75649356842041,0.002513230079784761,-0.004713510628789603,2.0881688157704215,Coarse,222.077
23.35535430908203,23.431537628173828,9.75637149810791,0.00292368722148217,-0.00604190304875367,2.156258300938879,Coarse,222.333
23.347036361694336,23.43825912475586,9.756204605102539,0.0018026445759458118,-0.007387676276266505,2.1934886137631278,Coarse,222.581
23.339458465576172,23.444250106811523,9.756016731262207,0.0017988013569263433,-0.008311618119478142,2.2608577767994746,Coarse,222.835
23.33246421813965,23.450246810913086,9.75583267211914,0.00039619408198610995,-0.00911405961960546,2.2983346144345145,Coarse,223.076
23.325246810913086,23.45796012878418,9.75568675994873,0.0004872256249652961,-0.009829431772231967,2.3663516799595694,Coarse,223.335
23.318744659423828,23.464780807495117,9.75556468963623,-0.0009441358852202242,-0.010035797022282989,2.4034363786366324,Coarse,223.592
23.312679290771484,23.468936920166016,9.755515098571777,-0.0006931644165890414,-0.010212502442300226,2.470796481766973,Coarse,223.831
23.30707550048828,23.470355987548828,9.755488395690918,-0.0013877934543417853,-0.010144364088773629,2.508307592072759,Coarse,224.087
23.300765991210938,23.47134017944336,9.75544548034668,-0.00032085052225757683,-0.00967538077384223,2.575576619305883,Coarse,224.332
23.2946720123291,23.470579147338867,9.755396842956543,-0.0006597914034502573,-0.00905760563909997,2.612991646924291,Coarse,224.585
23.289093017578125,23.468029022216797,9.755339622497559,0.0004319955769458873,-0.009097957052290327,2.681008176007543,Coarse,224.83
23.28455924987793,23.464035034179688,9.755288124084473,-4.431043998937614e-05,-0.009099116548895725,2.7179535190251207,Coarse,225.081
23.279254913330078,23.460237503051758,9.755255699157715,0.0009200221393255715,-0.00869212951511133,2.784650758900914,Coarse,225.325
23.27468490600586,23.454544067382812,9.75520133972168,0.0008171211229635646,-0.008373134769499186,2.822539166608129,Coarse,225.575
23.270532608032227,23.447559356689453,9.75515079498291,0.002114698756486025,-0.008111489005386706,2.889488057294164,Coarse,225.813
23.26738929748535,23.440401077270508,9.754755973815918,0.0016016185982151334,-0.008505411446094393,2.9273032704975943,Coarse,226.087
23.263547897338867,23.434062957763672,9.754251480102539,0.0024917665868996164,-0.00826705340296018,2.9942292730000357,Coarse,226.335
23.260143280029297,23.428373336791992,9.753786087036133,0.001707102172076567,-0.008145741187035916,3.032144979634557,Coarse,226.579
23.257736206054688,23.422014236450195,9.75345230102539,0.0022881031036375687,-0.008295110426843047,3.0996036092427115,Coarse,226.83
23.255794525146484,23.415069580078125,9.753215789794922,0.0016519404016433904,-0.00867374800145614,3.1370234052327017,Coarse,227.079
23.25197410583496,23.40887451171875,9.753047943115234,0.0024683524388818805,-0.008848690427839636,-3.079367387290818,Coarse,227.335
23.248655319213867,23.4029541015625,9.752870559692383,0.001608778722584137,-0.008953655138611676,-3.041594851013047,Coarse,227.585
23.247135162353516,23.397275924682617,9.752724647521973,0.0020451452583073555,-0.009050012566149112,-2.974129545684678,Coarse,227.837
23.24741554260254,23.392139434814453,9.752655029296875,0.0010077999904750806,-0.008871626108884693,-2.9366639733275,Coarse,228.08
23.24698829650879,23.385801315307617,9.752601623535156,0.0017230695812030727,-0.008525361306965237,-2.8688856244047707,Coarse,228.331
23.24717903137207,23.37877655029297,9.752767562866211,0.0012769274180754171,-0.008429924026131512,-2.8318389534910744,Coarse,228.582
23.24875259399414,23.371353149414062,9.753173828125,0.0024692458100616173,-0.008338809013366581,-2.7640465378721784,Coarse,228.831
23.2512264251709,23.364749908447266,9.753618240356445,0.001836945419199692,-0.008573054336011299,-2.7271256327589577,Coarse,229.082
23.25183868408203,23.358694076538086,9.753968238830566,0.0023834586609154285,-0.008465987630188358,-2.6593766093214573,Coarse,229.337
23.25271224975586,23.352882385253906,9.754232406616211,0.0014915365027263143,-0.008293535560369384,-2.6223885893782204,Coarse,229.587
23.254962921142578,23.346559524536133,9.754448890686035,0.0021920027211307937,-0.0084046758711337,-2.5546731829603737,Coarse,229.831
23.258302688598633,23.34027099609375,9.754632949829102,0.001657813554629632,-0.008770840242504971,-2.5176641821821755,Coarse,230.083
23.26020050048828,23.332529067993164,9.754789352416992,0.002551966113969638,-0.008849794045090576,-2.4499766707380837,Coarse,230.329
23.26340675354004,23.325273513793945,9.754629135131836,0.002093764720484573,-0.008700638078153041,-2.4129652857740944,Coarse,230.576
23.268024444580078,23.318689346313477,9.754179000854492,0.0029515901114791263,-0.00866017118096343,-2.345196473594529,Coarse,230.831
23.27348518371582,23.312475204467773,9.75373649597168,0.0024633663706481145,-0.008999319747090258,-2.3084645152052468,Coarse,231.083
23.277721405029297,23.304800033569336,9.753422737121582,0.00340350251644847,-0.008891287259757442,-2.2411997199019016,Coarse,231.334
23.28162956237793,23.297626495361328,9.753173828125,0.002603369066491701,-0.00897198077291243,-2.2037577509840554,Coarse,231.574
23.286672592163086,23.291845321655273,9.752999305725098,0.003258001059293727,-0.00924446620047086,-2.13649581670366,Coarse,231.83
23.292240142822266,23.288291931152344,9.752847671508789,0.0024066735059022747,-0.009550677612423836,-2.099070060249192,Coarse,232.079
23.296960830688477,23.28281021118164,9.752731323242188,0.002873022574931369,-0.009061480872332998,-2.0318519949873513,Coarse,232.329
23.301925659179688,23.27748680114746,9.752680778503418,0.0022247796878218555,-0.00900492724031205,-1.9944085955580302,Coarse,232.58
23.307722091674805,23.27329444885254,9.752744674682617,0.0029173567891120837,-0.009234194643795447,-1.9271030306776589,Coarse,232.832
23.314260482788086,23.270002365112305,9.753124237060547,0.0022445407230406948,-0.00966666080057617,-1.8896980166395727,Coarse,233.082
23.320602416992188,23.26486587524414,9.753612518310547,0.003049704013392324,-0.009654348716139764,-1.8224079489668432,Coarse,233.331
23.326948165893555,23.260520935058594,9.754051208496094,0.0023842337541282147,-0.009498140774667235,-1.785069692130906,Coarse,233.581
23.33355140686035,23.258121490478516,9.754384994506836,0.003070007311180233,-0.009493994526565056,-1.7178141951521462,Coarse,233.828
23.340333938598633,23.25761604309082,9.75462818145752,0.0021839060354977837,-0.009608730673789964,-1.68040655850969,Coarse,234.076
23.34719467163086,23.25506019592285,9.754816055297852,0.0028593335300683967,-0.009403168223798272,-1.6125335574110569,Coarse,234.332
23.354259490966797,23.2523136138916,9.754955291748047,0.002252214821055532,-0.009364946745336056,-1.5754969000776833,Coarse,234.584
23.361963272094727,23.249958038330078,9.755077362060547,0.0030203424394130724,-0.009824566543102273,-1.5078105171534677,Coarse,234.833
23.369504928588867,23.248950958251953,9.755167007446289,0.002310798969119788,-0.010435246862471116,-1.4708224972102308,Coarse,235.084
23.37735366821289,23.245248794555664,9.755280494689941,0.0030424005817621933,-0.010478593409061454,-1.403146906695094,Coarse,235.333
23.385326385498047,23.242565155029297,9.755337715148926,0.0022822890896350115,-0.010665734298527263,-1.3660983284327648,Coarse,235.585
23.393033981323242,23.242107391357422,9.755426406860352,0.0030198430176824292,-0.010686764493584668,-1.2983907898280282,Coarse,235.832
23.399885177612305,23.24362564086914,9.755447387695312,0.002175166504457586,-0.01069915201514963,-1.2615071972224374,Coarse,236.077
23.40778160095215,23.242971420288086,9.75544548034668,0.004739719908684481,-0.006087546702474401,-1.193791790804591,Coarse,236.332
23.415315628051758,23.23900032043457,9.755037307739258,0.01058507338166236,0.010217512026429126,-1.1567031582209728,Coarse,236.586
23.422935485839844,23.225486755371094,9.75448989868164,0.008749437518417821,0.0019068252295255102,-1.0901006897303722,Coarse,236.834
23.43038558959961,23.204252243041992,9.753985404968262,0.017304467037320123,0.01473403815180057,-1.0525342663142345,Coarse,237.082
23.438922882080078,23.164533615112305,9.753554344177246,0.018024917691946012,0.014870544895529685,-0.985056086382594,Coarse,237.333
23.447729110717773,23.10865020751953,9.753228187561035,0.020899260416626906,0.013525775633752275,-0.9475764473292488,Coarse,237.586
23.45621109008789,23.03679656982422,9.752906799316406,0.02011478506028649,0.01064254716038696,-0.8797628124568125,Coarse,237.835
23.463769912719727,22.94869613647461,9.752670288085938,0.022881535813212374,0.009780669584870262,-0.8427173336360119,Coarse,238.087
23.4725341796875,22.84164810180664,9.75252628326416,0.0198572929948568,0.005306753329932602,-0.7749339779231212,Coarse,238.332
23.481510162353516,22.72030258178711,9.752433776855469,0.022794432938098876,0.005507742986082939,-0.7378474911067148,Coarse,238.577
23.489028930664062,22.58538246154785,9.752309799194336,0.018550228327512706,0.0004699351557063815,-0.6701995571467538,Coarse,238.83
23.495285034179688,22.438711166381836,9.752262115478516,0.018664078786969133,-0.0011600211728365211,-0.6332363327357431,Coarse,239.084
23.50340461730957,22.27889633178711,9.752265930175781,0.011464993469417038,-0.007573761045932874,-0.5661145885798594,Coarse,239.338
23.51020622253418,22.112314224243164,9.752274513244629,0.008091832511126934,-0.009347315877676118,-0.5287424763056894,Coarse,239.581
23.515182495117188,21.94342041015625,9.752331733703613,0.0010620007524266136,-0.013853442855179419,-0.4609903534266613,Coarse,239.832
23.51805877685547,21.77540397644043,9.752345085144043,-0.00899703893810518,-0.017170507460832703,-0.42372374137374363,Coarse,240.086
23.52284812927246,21.613636016845703,9.752474784851074,-0.021321678534150207,-0.02247945033013832,-0.3555851419779917,Coarse,240.333
23.525650024414062,21.4674072265625,9.752618789672852,-0.035308323800563896,-0.02344626002013695,-0.31898169120284503,Coarse,240.589
23.52574348449707,21.345144271850586,9.752753257751465,-0.05385152995586404,-0.026937766000628582,-0.25083570083114093,Coarse,240.838
23.523658752441406,21.2563419342041,9.752832412719727,-0.05546201020479211,-0.022175433114171143,-0.21440987189742539,Coarse,241.084
23.524578094482422,21.19913673400879,9.75310230255127,-0.051610577851533994,-0.018171105533838387,-0.14635734160872893,Coarse,241.335
23.52459144592285,21.17399024963379,9.753437042236328,-0.04442010074853909,-0.013330478221178176,-0.10976700385543323,Coarse,241.585
23.523319244384766,21.176511764526367,9.75376033782959,-0.03418946638703358,-0.010400678031146646,-0.04167978366347743,Coarse,241.83
23.51995086669922,21.202442169189453,9.75397777557373,-0.035453271120786785,-0.008095775730908037,-0.005062385401453348,Coarse,242.088
23.51930046081543,21.250383377075195,9.754201889038086,-0.02273371629416956,-0.006502433679998047,0.06311424175766497,Coarse,242.335
23.51862335205078,21.314712524414062,9.754380226135254,-0.015028539113700529,-0.005409189965576057,0.09970434109238174,Coarse,242.585
23.517684936523438,21.391008377075195,9.754451751708984,-0.005205955822020915,-0.006521817762404802,0.1673175851490838,Coarse,242.838
23.51690673828125,21.47315216064453,9.754127502441406,-0.000951625930611193,-0.007588466629386069,0.20417197147873464,Coarse,243.088
23.51962661743164,21.559066772460938,9.753766059875488,0.005720651708543146,-0.009947849437594533,0.2720267335560657,Coarse,243.333
23.52231788635254,21.643545150756836,9.75342082977295,0.007347995415329773,-0.011259054765105367,0.3091269294407705,Coarse,243.589
23.523794174194336,21.724456787109375,9.753162384033203,0.010017052292823625,-0.013457894325256459,0.3768559257176261,Coarse,243.832
23.524885177612305,21.801250457763672,9.752936363220215,0.0014747946988789506,-0.010992657393217203,0.413801268735204,Coarse,244.085
23.529674530029297,21.877214431762695,9.752739906311035,0.005962352268397628,-0.014379359781742207,0.48150141636398835,Coarse,244.337
23.533538818359375,21.950782775878906,9.75259780883789,-0.0030366925057025594,-0.010073101148009404,0.5185894529011588,Coarse,244.587
23.535371780395508,22.02509880065918,9.752596855163574,0.0022383551113305546,-0.013953376561403375,0.5862576524403434,Coarse,244.832
23.534666061401367,22.09838104248047,9.752944946289062,-0.00955503340810557,-0.006106376647949319,0.6232797662403919,Coarse,245.091
23.53580665588379,22.17725372314453,9.753398895263672,-0.0030639425385745375,-0.010033686645329089,0.6910223523762564,Coarse,245.338
23.53522491455078,22.259164810180664,9.753822326660156,-0.010415025055408682,-0.0029487879946828817,0.7279293100025991,Coarse,245.576
23.53192901611328,22.346546173095703,9.754150390625,-0.003473117947578642,-0.008368883281946267,0.7956795851376396,Coarse,245.832
23.525976181030273,22.43720245361328,9.754429817199707,-0.009596250019967775,-0.001064424868673169,0.8328772942211966,Coarse,246.08
23.521642684936523,22.53487777709961,9.754632949829102,-0.0029362798668446347,-0.006732578855007964,0.9009761969235283,Coarse,246.332
23.51652717590332,22.636075973510742,9.754806518554688,-0.004534467123449069,-0.0031069132965058804,0.9375693360951284,Coarse,246.584
23.510356903076172,22.740114212036133,9.754963874816895,0.0020615009125319857,-0.012058762833476134,1.0051698247578482,Coarse,246.835
23.503097534179688,22.842567443847656,9.755107879638672,0.0008664139313621043,-0.010813887231051986,1.042183176675115,Coarse,247.088
23.4976806640625,22.945152282714844,9.755226135253906,0.005002378020435338,-0.018114257603883802,1.1103658239033558,Coarse,247.335
23.491893768310547,23.04399299621582,9.755309104919434,-0.0011368126142772394,-0.005800550803542186,1.147015259661947,Coarse,247.584
23.485563278198242,23.142253875732422,9.755273818969727,0.002240719972178103,-0.013550556264817756,1.2156340936806542,Coarse,247.834
23.47865867614746,23.237424850463867,9.754858016967773,0.0022883680649099358,-0.016631560400128403,1.2519291500237328,Coarse,248.089
23.47330093383789,23.329187393188477,9.754379272460938,0.007711742073297259,-0.0350686460733414,1.3193484405663352,Coarse,248.334
23.467803955078125,23.405860900878906,9.754014015197754,0.006372977979480979,-0.04105676338076594,1.3562639812615258,Coarse,248.581
23.461944580078125,23.462865829467773,9.753694534301758,0.00533173372969007,-0.03939083218574526,1.4240393946555,Coarse,248.827
23.45572853088379,23.50166130065918,9.75350570678711,0.0015225956449282751,-0.03571172058582307,1.4610682884838915,Coarse,249.092
23.450284957885742,23.528003692626953,9.753422737121582,0.0009469506330785721,-0.030810963362455368,1.5292482050743443,Coarse,249.335
23.44450569152832,23.540281295776367,9.75375747680664,-0.0013310321373867446,-0.024889746680855755,1.565893112742577,Coarse,249.583
23.438003540039062,23.541343688964844,9.754276275634766,-0.0010533703025432885,-0.019062075763940808,1.6328440430250506,Coarse,249.832
23.430952072143555,23.534589767456055,9.754823684692383,-0.0021592103876175934,-0.013919138349592675,1.6701170290496685,Coarse,250.086
23.424007415771484,23.526107788085938,9.755301475524902,-0.0006869055214340416,-0.009596479125320892,1.7379924664881565,Coarse,250.34
23.41612434387207,23.514650344848633,9.755678176879883,-0.0003498888981996655,-0.00616195565089581,1.775077746310506,Coarse,250.579
23.406543731689453,23.502042770385742,9.755864143371582,0.0015094850677994471,-0.003971264697611299,1.8427454690125324,Coarse,250.838
23.39626693725586,23.4903621673584,9.755926132202148,0.0019780651200560326,-0.003227543318644128,1.8796952823784692,Coarse,251.089
23.38612174987793,23.484453201293945,9.75599193572998,0.0035887511912730966,-0.003255742369219616,1.94739563862351,Coarse,251.329
23.375717163085938,23.482078552246094,9.756031036376953,0.0033403404522684855,-0.00441670557484026,1.9844239811089375,Coarse,251.586
23.36570167541504,23.480714797973633,9.756051063537598,0.003878020215779312,-0.005753812380135001,2.052119688191686,Coarse,251.831
23.355741500854492,23.479671478271484,9.756003379821777,0.002953499322756895,-0.007113898638635813,2.089259103932653,Coarse,252.089
23.346115112304688,23.482385635375977,9.755959510803223,0.0034409780055282254,-0.008028080686926778,2.155720309415136,Coarse,252.337
23.33704948425293,23.485719680786133,9.755887985229492,0.0021428973414001633,-0.008898881264030862,2.1934663216259813,Coarse,252.582
23.328535079956055,23.488134384155273,9.755826950073242,0.0023250819649545187,-0.009836419485509316,2.260337964692388,Coarse,252.842
23.32115936279297,23.48941421508789,9.755805015563965,0.0010164432460440054,-0.010392664931714451,2.298018709817205,Coarse,253.092
23.313743591308594,23.4918270111084,9.755804061889648,0.0012554856948552445,-0.010311917401850135,2.367090360322271,Coarse,253.339
23.306570053100586,23.493112564086914,9.7557954788208,0.00025967226247282805,-0.010272248648106962,2.403458253541265,Coarse,253.591
23.300111770629883,23.492568969726562,9.7558012008667,0.0008148350752888097,-0.010298664681613346,2.471989587941442,Coarse,253.84
23.294652938842773,23.490516662597656,9.755765914916992,-0.00013418612070401078,-0.010374035686254402,2.5082155028965807,Coarse,254.085
23.287656784057617,23.489208221435547,9.755769729614258,0.0007714416133237992,-0.010137701407074826,2.576182798543248,Coarse,254.334
23.280853271484375,23.486328125,9.755711555480957,0.00028417218709346075,-0.009935276582836997,2.612705902257238,Coarse,254.594
23.274412155151367,23.48174285888672,9.755500793457031,0.001370706246234301,-0.009901694953441507,2.6803700486805777,Coarse,254.831
23.268829345703125,23.475852966308594,9.755003929138184,0.0009482788736930251,-0.010157468728721027,2.717198089757238,Coarse,255.084
23.262590408325195,23.470703125,9.75450611114502,0.002014700789004398,-0.0099551724269985,2.7854935685780386,Coarse,255.337
23.257335662841797,23.465349197387695,9.754105567932129,0.001323370379395623,-0.009657423011958486,2.822162346043859,Coarse,255.582
23.253631591796875,23.459318161010742,9.753792762756348,0.001978447195142354,-0.009549554437398793,2.8903196612980704,Coarse,255.837
23.250898361206055,23.45242691040039,9.75346851348877,0.0011910133762283634,-0.009610525332391137,2.926915363469396,Coarse,256.085
23.24607276916504,23.445566177368164,9.753264427185059,0.0022818217985330607,-0.009569698013365149,2.994515852132116,Coarse,256.341
23.242502212524414,23.43796730041504,9.753387451171875,0.0018345431890337317,-0.00959581974893796,3.0315604964878893,Coarse,256.591
23.240375518798828,23.43031883239746,9.75383472442627,0.002673319075256458,-0.009478986263275027,3.1001778403904776,Coarse,256.844
23.239717483520508,23.42194175720215,9.754226684570312,0.0019176352070643273,-0.009598587639629721,3.136454896130834,Coarse,257.087
23.237751007080078,23.413022994995117,9.754595756530762,0.0030591730028389735,-0.009273728355765216,-3.078221786018235,Coarse,257.337
23.235849380493164,23.404218673706055,9.754865646362305,0.002588121918961297,-0.009211508557200314,-3.0421585917433327,Coarse,257.58
23.235549926757812,23.396005630493164,9.755020141601562,0.0033412633929400604,-0.009351091459393382,-2.9741034388502663,Coarse,257.833
23.236478805541992,23.389022827148438,9.755144119262695,0.0022754583042113993,-0.009615428745746496,-2.9375172734221047,Coarse,258.081
23.234683990478516,23.38157844543457,9.755260467529297,0.0027506859041749546,-0.009618504904210448,-2.869006264205796,Coarse,258.338
23.232833862304688,23.374053955078125,9.755332946777344,0.0018663901137187218,-0.009870036505162601,-2.832670319076401,Coarse,258.591
23.232494354248047,23.366539001464844,9.755389213562012,0.0025378644932060666,-0.010146707296371349,-2.764140355583054,Coarse,258.836
23.23338508605957,23.359439849853516,9.755434036254883,0.0017390348948537577,-0.01036500371992577,-2.728116142745835,Coarse,259.089
23.233285903930664,23.350839614868164,9.75547981262207,0.00261950748972588,-0.010372795164585006,-2.6600313067396706,Coarse,259.342
23.235309600830078,23.34218978881836,9.755534172058105,0.002178904134780106,-0.010141597129404439,-2.623417842384202,Coarse,259.587
23.239269256591797,23.334095001220703,9.755577087402344,0.0032161229755728903,-0.009864288382232087,-2.554810273643357,Coarse,259.843
23.24479103088379,23.327110290527344,9.755600929260254,0.002649796428158829,-0.009780547581612967,-2.51843260526262,Coarse,260.09
23.248289108276367,23.319673538208008,9.755634307861328,0.0034205694682895686,-0.009683826938271427,-2.4494719386061257,Coarse,260.341
23.252229690551758,23.312345504760742,9.755582809448242,0.002632604679092724,-0.009479823522269634,-2.41357420682512,Coarse,260.589
23.256555557250977,23.305402755737305,9.755534172058105,0.003361113602295484,-0.009582985192537221,-2.345163810249192,Coarse,260.84
23.26156997680664,23.299406051635742,9.755247116088867,0.002606524853035775,-0.010141347534954468,-2.3090510249098366,Coarse,261.083
23.265947341918945,23.291845321655273,9.754718780517578,0.0034957760944962237,-0.01015802938491098,-2.2405958056410378,Coarse,261.34
23.271339416503906,23.285213470458984,9.754171371459961,0.0026503342669456946,-0.00983076449483626,-2.204346883293015,Coarse,261.592
23.277870178222656,23.27933692932129,9.753782272338867,0.003598681418225149,-0.009910761378705436,-2.1354131579359596,Coarse,261.84
23.284385681152344,23.27410125732422,9.753509521484375,0.0029406687244772755,-0.010352451354265149,-2.0995411753614968,Coarse,262.081
23.290462493896484,23.266510009765625,9.753303527832031,0.0037644258700311062,-0.010574552230536884,-2.030539262290818,Coarse,262.338
23.296918869018555,23.259517669677734,9.753129959106445,0.0030275809112936167,-0.010578788816928813,-1.994901406761033,Coarse,262.591
23.304019927978516,23.25510025024414,9.752976417541504,0.003864960744976988,-0.010568363592028574,-1.9263849139174047,Coarse,262.836
23.31119728088379,23.252674102783203,9.752984046936035,0.002932762261480086,-0.01057272218167778,-1.8901944041212624,Coarse,263.089
23.317790985107422,23.2470703125,9.753412246704102,0.0035015270113944955,-0.010563640855252712,-1.8216528773268286,Coarse,263.338
23.324573516845703,23.24227523803711,9.753901481628418,0.0025897212326526594,-0.010772279463708375,-1.7853493571241916,Coarse,263.593
23.33209800720215,23.238832473754883,9.754329681396484,0.0033874516375362877,-0.011043778620660293,-1.7185666441877905,Coarse,263.839
23.340116500854492,23.236957550048828,9.754660606384277,0.002788615878671407,-0.011323093436658369,-1.681411254402024,Coarse,264.093
23.347963333129883,23.232376098632812,9.754895210266113,0.0036215684376657005,-0.011188920587301249,-1.612880694862229,Coarse,264.33
23.355880737304688,23.228851318359375,9.755040168762207,0.002736955182626845,-0.011108578182756899,-1.576261031623704,Coarse,264.596
23.364139556884766,23.22749900817871,9.755169868469238,0.0034732583444565548,-0.011161665432155137,-1.5070189674708507,Coarse,264.838
23.371902465820312,23.228225708007812,9.75529956817627,0.0025364065077155824,-0.011379580944776547,-1.4711553295466562,Coarse,265.085
23.380189895629883,23.22709083557129,9.755392074584961,0.003349593374878166,-0.011064613237977049,-1.4017085274073742,Coarse,265.341
23.38930320739746,23.22621726989746,9.755464553833008,0.0027418152894824687,-0.010828228667378448,-1.366247340044703,Coarse,265.593
23.398372650146484,23.226451873779297,9.755538940429688,0.00368388788774609,-0.011235001496970686,-1.296988650164332,Coarse,265.84
23.40696907043457,23.227550506591797,9.75560474395752,0.0027890938799828213,-0.011806584894657171,-1.261716767153468,Coarse,266.085
23.416915893554688,23.226186752319336,9.755695343017578,0.005742985755205144,-0.006992345675826119,-1.1927932937953134,Coarse,266.342
23.426061630249023,23.221357345581055,9.755751609802246,0.010670756921172133,0.007171350531279992,-1.1568664749476576,Coarse,266.59
23.435054779052734,23.20806121826172,9.75576400756836,0.009270862676203234,-0.000654020870570149,-1.0875267227503915,Coarse,266.85
23.44307518005371,23.187641143798828,9.755739212036133,0.019315605983138064,0.015500444918870867,-1.0519334514948984,Coarse,267.094
23.453027725219727,23.14593505859375,9.755643844604492,0.0203131604939699,0.016259817406535083,-0.9826614101740976,Coarse,267.345
23.46380615234375,23.085599899291992,9.755142211914062,0.022997008636593808,0.013605312444269584,-0.9472877224299573,Coarse,267.594
23.473867416381836,23.00885581970215,9.754469871520996,0.021879108622670153,0.009975533001124784,-0.878582163653102,Coarse,267.84
23.48308753967285,22.916181564331055,9.753830909729004,0.024347677826881384,0.008389683440327561,-0.8427535732600351,Coarse,268.085
23.493825912475586,22.804384231567383,9.753315925598145,0.022136412560939758,0.004684604704379949,-0.7733618458125257,Coarse,268.341
23.5037899017334,22.67613983154297,9.752928733825684,0.024784570559859234,0.004489954560995013,-0.7376705845210215,Coarse,268.596
23.51189613342285,22.534685134887695,9.752692222595215,-0.0014010791201144882,-0.011253327131271456,-0.7254118164393566,Coarse,268.847
23.522859573364258,22.39665412902832,9.752793312072754,-0.053332861512899433,-0.02466049604117879,-0.7211302955958505,Fine,269.092
23.552936553955078,22.283708572387695,9.753008842468262,-0.0640344470739365,-0.028489852324128234,-0.7202431400630138,Fine,269.349
23.600845336914062,22.205202102661133,9.753042221069336,-0.06809912621974946,-0.0281245596706868,-0.7207965095851082,Fine,269.597
23.666601181030273,22.16441535949707,9.752763748168945,-0.06096673756837848,-0.026639608666300864,-0.721893950304713,Fine,269.833
23.748443603515625,22.16080665588379,9.752398490905762,-0.05275540426373485,-0.024064948782324878,-0.7231749733302256,Fine,270.093
23.850536346435547,22.187030792236328,9.752056121826172,-0.044900108128786136,-0.016760375350713824,-0.7246219356867931,Fine,270.339
23.96883773803711,22.24034309387207,9.751821517944336,-0.04185560345649724,-0.008901447989046664,-0.7258803089472909,Fine,270.586
24.104843139648438,22.317581176757812,9.751638412475586,-0.03445876389741901,-0.0019218849483878294,-0.7271186550471446,Fine,270.841
24.257593154907227,22.41237449645996,9.751569747924805,-0.03177225589752201,0.0027603979688136902,-0.7281722267481944,Fine,271.087
24.4354305267334,22.520784378051758,9.751388549804688,-0.02638992480933671,0.00716546457260838,-0.7292892177912853,Fine,271.344
24.633745193481445,22.64122772216797,9.751285552978516,-0.02530578710138802,0.00930831208825102,-0.7302357395503185,Fine,271.59
24.85177230834961,22.7716007232666,9.751021385192871,-0.023072363808751148,0.010834299027919684,-0.7311088283869883,Fine,271.845
25.090417861938477,22.9116153717041,9.750892639160156,-0.021269742399454162,0.008950490504503165,-0.7320946892115734,Fine,272.09
25.351123809814453,23.057723999023438,9.750609397888184,-0.01780375279486183,0.007239123340696004,-0.7328426082942148,Fine,272.349
25.629776000976562,23.21040916442871,9.750391006469727,-0.019616838544607197,0.004730634856969028,-0.733577414355006,Fine,272.607
25.922565460205078,23.369768142700195,9.750028610229492,-0.016306821256876033,0.0013720872811972208,-0.7343372543666027,Fine,272.845
26.230548858642578,23.53896713256836,9.74960994720459,-0.016090855002403294,-0.002769971499219629,-0.7349945743891857,Fine,273.103
26.55565071105957,23.717052459716797,9.749066352844238,-0.010115839540958441,-0.007936111651361077,-0.7355674942347669,Fine,273.344
26.88858985900879,23.90362548828125,9.748826026916504,0.01171121094375845,-0.017830127850174998,-0.735959931215968,Fine,273.596
27.216327667236328,24.094741821289062,9.749211311340332,0.045275930315256084,-0.03190505132079133,-0.7364517887446544,Fine,273.845
27.51584815979004,24.278789520263672,9.750126838684082,0.08620928972959516,-0.043448541313409896,-0.7367998798701428,Fine,274.097
27.776493072509766,24.443836212158203,9.751090049743652,0.10567109286785122,-0.049389529973268606,-0.7369870384547373,Fine,274.349
27.982738494873047,24.58165168762207,9.75184154510498,0.11634341627359386,-0.04646007344126712,-0.7371374805781503,Fine,274.596
28.132976531982422,24.68899154663086,9.75224494934082,0.10099196434020992,-0.032777965068817236,-0.7372619350764414,Fine,274.855
28.23476219177246,24.76443862915039,9.752249717712402,0.09147040545940391,-0.028186488896608453,-0.7376879890772959,Fine,275.099
28.30080795288086,24.80959701538086,9.752315521240234,0.08170548081398009,-0.021536350250244234,-0.7380134304377697,Fine,275.342
28.331377029418945,24.82408905029297,9.752991676330566,0.06950027495622632,0.006112308241426851,-0.7380503853175301,Fine,275.597
28.340782165527344,24.805252075195312,9.754067420959473,0.05028681457042691,0.004852669779211192,-0.7387675484034676,Fine,275.849
28.336313247680664,24.7604923248291,9.75524616241455,0.042432073503732654,0.01067955978214732,-0.7393128116938731,Fine,276.104
28.331266403198242,24.692218780517578,9.756494522094727,0.027707103639841035,0.00985305756330481,-0.739650889239039,Fine,276.352
28.3253231048584,24.605609893798828,9.757585525512695,0.014644637703895534,0.006979852449148802,-0.7401019771906991,Fine,276.602
28.321269989013672,24.509523391723633,9.758657455444336,0.004750594496726951,-0.0026577590033412886,-0.7403842647883557,Fine,276.848
28.3193416595459,24.41165542602539,9.759563446044922,-0.0047262446023524215,-0.010617637075483894,-0.7407149513575695,Fine,277.102
28.32599639892578,24.318010330200195,9.760348320007324,-0.00722268968820576,-0.015790726989507765,-0.7409750660273692,Fine,277.351
28.336122512817383,24.234785079956055,9.760748863220215,-0.013833836652338545,-0.02331537008285531,-0.7411946495387215,Fine,277.606
28.3474178314209,24.16657066345215,9.7608642578125,-0.013632446527481119,-0.025400193408131697,-0.7413841923091076,Fine,277.856
28.359764099121094,24.115802764892578,9.7607421875,-0.01322693191468719,-0.02824414707720288,-0.7415978153559825,Fine,278.105
28.37687110900879,24.082015991210938,9.760523796081543,-0.011444908566772978,-0.030539086088538267,-0.7417453964564465,Fine,278.351
28.3914794921875,24.06656265258789,9.760068893432617,-0.006472279317677065,-0.02678619697690019,-0.7420341213557383,Fine,278.604
28.40177345275879,24.066505432128906,9.759318351745605,-0.0032176531385630755,-0.02611297555267819,-0.7420546253535409,Fine,278.858
28.40774917602539,24.079492568969727,9.758556365966797,0.0025568646378814775,-0.02120868302881726,-0.7422229488703868,Fine,279.104
28.415027618408203,24.102157592773438,9.757970809936523,0.007681541610509116,-0.02016784623265275,-0.7423292835566659,Fine,279.352
28.416933059692383,24.131221771240234,9.757518768310547,0.011923834681510885,-0.012308835983276459,-0.7424341877314709,Fine,279.61
28.414331436157227,24.162572860717773,9.757258415222168,0.01663166098296638,-0.016690164804458698,-0.7425421913478039,Fine,279.846
28.403488159179688,24.195722579956055,9.757040977478027,0.018126528710126835,-0.011497687548399063,-0.7425715168330332,Fine,280.096
28.39236068725586,24.22800064086914,9.756879806518555,0.013606269843876322,-0.012585954740643588,-0.742652817568507,Fine,280.353
28.37739372253418,24.260356903076172,9.756750106811523,0.012972278520464857,-0.011086521670222373,-0.7426850040766857,Fine,280.604
28.35964584350586,24.29241180419922,9.75666618347168,0.007973283529281576,-0.005539800506085248,-0.7427241047236581,Fine,280.858
28.342121124267578,24.325218200683594,9.756555557250977,0.005768319126218519,-0.0059152618050576184,-0.7427884777400156,Fine,281.103
28.332260131835938,24.3587703704834,9.756180763244629,0.0053940904326736545,-0.004981556907296271,-0.7428578575465343,Fine,281.356
28.324546813964844,24.3925724029541,9.755671501159668,0.007373201660811864,-0.0043429071083665805,-0.7429851730677747,Fine,281.599
28.31751251220703,24.425922393798828,9.755180358886719,0.0061933663673698494,-0.004331896547228188,-0.7428847988459726,Fine,281.851
28.311443328857422,24.4600887298584,9.754756927490234,0.006752462126314601,-0.006343764252960772,-0.7429773052546642,Fine,282.097
28.312255859375,24.495935440063477,9.754405975341797,0.007399006746709309,-0.004421087447553964,-0.7429861267420909,Fine,282.352
28.316112518310547,24.53118324279785,9.754131317138672,0.01037669088691469,-0.004096772521734326,-0.7429918487879894,Fine,282.606
28.320175170898438,24.564186096191406,9.75391960144043,0.013521473854780156,-0.0034031656105072204,-0.7430066307398936,Fine,282.861
28.32386589050293,24.59300994873047,9.753758430480957,0.017461864277720417,-0.00230848998762676,-0.7430099686000012,Fine,283.097
28.332509994506836,24.616836547851562,9.753686904907227,0.021841106936335522,0.0007123659015632279,-0.7429694374415539,Fine,283.35
28.34116554260254,24.632612228393555,9.753618240356445,0.021234389394521675,-0.0010298306588084406,-0.7429591854426523,Fine,283.594
28.347251892089844,24.64023780822754,9.753517150878906,0.02347806096076962,-0.00011973269283780483,-0.7429444034907479,Fine,283.851
28.35040283203125,24.637826919555664,9.75340461730957,0.023885630071163132,0.0008495823713018595,-0.7429215153071543,Fine,284.104
28.357912063598633,24.626262664794922,9.753349304199219,0.022909408435225445,-0.0015819252002985138,-0.7429475029322767,Fine,284.36
28.363515853881836,24.605823516845703,9.753382682800293,0.022043993696570358,-0.0005953568615951507,-0.7428991039607189,Fine,284.598
28.367473602294922,24.576946258544922,9.753464698791504,0.020503830164670906,-0.003503536107018681,-0.7429138859126229,Fine,284.845
28.36825180053711,24.54150390625,9.753462791442871,0.015992740169167474,-0.007077274844050494,-0.7429250915858409,Fine,285.106
28.372783660888672,24.501605987548828,9.753519058227539,0.015060302801430187,-0.009572791866958235,-0.7428671558711191,Fine,285.355
28.375263214111328,24.46000099182129,9.753674507141113,0.00817803479731079,-0.014240154996514409,-0.7428991039607186,Fine,285.605
28.37345314025879,24.419797897338867,9.754218101501465,0.007616744842380246,-0.016590975224971865,-0.7428847988459727,Fine,285.853
28.36842918395996,24.383453369140625,9.754789352416992,0.002726419363170823,-0.01884748600423346,-0.7429627617213389,Fine,286.111
28.367332458496094,24.353927612304688,9.755331039428711,0.0005491130868903889,-0.018706219270825473,-0.7429599006983896,Fine,286.354
28.365726470947266,24.331514358520508,9.755695343017578,-1.2455234355040159e-05,-0.01816250756382951,-0.7429811199519297,Fine,286.597
28.36117172241211,24.316967010498047,9.75595474243164,-0.0017949094763026034,-0.01759875938296327,-0.7430171211573741,Fine,286.856
28.355173110961914,24.31083106994629,9.75606632232666,0.0009083044133148684,-0.015309281647205441,-0.742953224978175,Fine,287.107
28.35483741760254,24.31138801574707,9.756179809570312,0.001073380350135226,-0.0153732206672431,-0.7429372509333749,Fine,287.352
28.353626251220703,24.31774139404297,9.756248474121094,0.004139419179409704,-0.01275193039327869,-0.7428714474055432,Fine,287.604
28.35071563720703,24.328197479248047,9.75624942779541,0.0040886644273995945,-0.0126188751310111,-0.7428743084284922,Fine,287.856
28.346559524536133,24.34239387512207,9.756180763244629,0.007641203235834797,-0.01007134187966594,-0.7428006370875501,Fine,288.105
28.348434448242188,24.358991622924805,9.756186485290527,0.008195164613425692,-0.008986361324787227,-0.7427999218318126,Fine,288.355
28.349918365478516,24.37714195251465,9.756180763244629,0.011240296997129879,-0.006632640026509852,-0.7427918156001233,Fine,288.596
28.3498477935791,24.394277572631836,9.756131172180176,0.011482754722237547,-0.007858170196414086,-0.7428251942011974,Fine,288.852
28.347566604614258,24.409948348999023,9.755693435668945,0.013768917880952318,-0.006396898999810307,-0.7428974350306652,Fine,289.103
28.350326538085938,24.424724578857422,9.755155563354492,0.011698884889483412,-0.008313212543726058,-0.7427577217433116,Fine,289.357
28.35226821899414,24.438222885131836,9.754714965820312,0.013074758462607819,-0.006978495046496481,-0.7428325851771492,Fine,289.605
28.351913452148438,24.449176788330078,9.754373550415039,0.011223567649722061,-0.008713879622519105,-0.742571039995875,Fine,289.85
28.350053787231445,24.458786010742188,9.75412654876709,0.012551890686154326,-0.007977696135640236,-0.742646380266871,Fine,290.098
28.352293014526367,24.467376708984375,9.75395679473877,0.010229005478322464,-0.010022237896919339,-0.742648287615504,Fine,290.35
28.354061126708984,24.4757022857666,9.7537841796875,0.011139646172523459,-0.009139364585280505,-0.7425815304133556,Fine,290.612
28.353940963745117,24.484020233154297,9.753661155700684,0.009816617704927881,-0.010527951642870993,-0.7424041469905038,Fine,290.855
28.352462768554688,24.492572784423828,9.753615379333496,0.011472127400338612,-0.009784150868654341,-0.7425190647456308,Fine,291.107
28.355484008789062,24.500810623168945,9.753636360168457,0.012150754220783674,-0.009039729833602995,-0.7426680763575696,Fine,291.364
28.357263565063477,24.50752067565918,9.75368595123291,0.012439996004104573,-0.008175501599907964,-0.7426213463160656,Fine,291.613
28.356943130493164,24.512399673461914,9.75402545928955,0.014196285977959596,-0.006530209444463341,-0.7425200184199474,Fine,291.855
28.353866577148438,24.514678955078125,9.754525184631348,0.013068252243101559,-0.007383502088487238,-0.7424837787959239,Fine,292.109
28.355684280395508,24.51498031616211,9.754982948303223,0.015069656074047044,-0.005011865869164556,-0.7424055775019786,Fine,292.355
28.35643196105957,24.51152992248535,9.755325317382812,0.013362197205424269,-0.006052227690816015,-0.7424055775019786,Fine,292.609
28.35580062866211,24.505138397216797,9.755585670471191,0.015279023908078627,-0.004980082623660653,-0.7423881729457041,Fine,292.86
28.353336334228516,24.495460510253906,9.755738258361816,0.013162173330783804,-0.006661874242127032,-0.7423521717402598,Fine,293.113
28.356502532958984,24.483604431152344,9.755911827087402,0.0136434948071837,-0.006737091112881987,-0.7423326214167735,Fine,293.356
28.3585147857666,24.469907760620117,9.756059646606445,0.010665288195013964,-0.009196770377457234,-0.7423443039271496,Fine,293.61
28.358211517333984,24.456016540527344,9.756171226501465,0.011193374171853029,-0.008980952203273865,-0.7423385818812512,Fine,293.86
28.355878829956055,24.442232131958008,9.756250381469727,0.009205792099237402,-0.010890627279877755,-0.7423865040156503,Fine,294.106
28.35781478881836,24.428918838500977,9.756379127502441,0.008731799200177156,-0.011373437009751885,-0.7422868450495862,Fine,294.354
28.359643936157227,24.416948318481445,9.756414413452148,0.007375380489975178,-0.012346307747066111,-0.7422539432856701,Fine,294.611
28.359601974487305,24.40718650817871,9.756386756896973,0.006863381713628728,-0.013565375469625085,-0.742254181704249,Fine,294.862
28.35795021057129,24.400850296020508,9.756208419799805,0.0074929511174559186,-0.013272987678647132,-0.742305441698756,Fine,295.111
28.360387802124023,24.39743995666504,9.755762100219727,0.006766041275113781,-0.013741187751293269,-0.7422572811457772,Fine,295.359
28.361671447753906,24.39603042602539,9.755204200744629,0.007800833322107751,-0.012372544966638175,-0.7424079616877697,Fine,295.606
28.360397338867188,24.396865844726562,9.75472640991211,0.006909323856234511,-0.013102720491588206,-0.7422773083064219,Fine,295.858
28.355873107910156,24.400428771972656,9.754395484924316,0.008650335483252962,-0.011601044796407315,-0.7422472675654551,Fine,296.086
28.356233596801758,24.405839920043945,9.754191398620605,0.008050408214330632,-0.011160084046423524,-0.7423059185359139,Fine,296.355
28.356000900268555,24.412975311279297,9.754034042358398,0.009499240666627844,-0.009363755583763214,-0.7422284324977062,Fine,296.614
28.354572296142578,24.421321868896484,9.753881454467773,0.009787309914827309,-0.008971041999757382,-0.7422646721217298,Fine,296.858
28.351224899291992,24.430004119873047,9.753762245178223,0.011472552083432635,-0.007967676036059945,-0.7422231872889659,Fine,297.109
28.353008270263672,24.437847137451172,9.753694534301758,0.011104035191237887,-0.00831914786249408,-0.7422448833796642,Fine,297.361
28.353271484375,24.44438362121582,9.753670692443848,0.011589563451707323,-0.007525565568357794,-0.7422534664485118,Fine,297.604
28.350736618041992,24.449960708618164,9.753599166870117,0.01058811042457815,-0.00813970435410747,-0.7421924312922618,Fine,297.86
28.347204208374023,24.454736709594727,9.75365161895752,0.01140201929956671,-0.007832120172679514,-0.7422026832911632,Fine,298.11
28.35042381286621,24.458555221557617,9.754032135009766,0.010661296546459156,-0.008357105776667683,-0.7421564300868173,Fine,298.363
28.354650497436523,24.461837768554688,9.754510879516602,0.01145085599273439,-0.008578063920140353,-0.7420908649775644,Fine,298.613
28.35640525817871,24.464122772216797,9.75489330291748,0.010923368856310805,-0.010017904452979657,-0.7420887192103526,Fine,298.857
28.355836868286133,24.467044830322266,9.755176544189453,0.011673668399453123,-0.009989629499614327,-0.7418054779383799,Fine,299.114
28.359210968017578,24.47007942199707,9.760064125061035,0.02347910962998863,-0.008481105789542288,-0.6656300266596936,Fine,299.357
28.356245040893555,24.464468002319336,9.787854194641113,0.05385824665427202,-0.007707782089710337,-0.622298880419459,Joint,299.613
28.3380126953125,24.43695831298828,9.840584754943848,0.05788022652268404,-0.008682169951498616,-0.6063152988764902,Joint,299.865
28.302799224853516,24.38430404663086,9.915916442871094,0.06496465206146235,-0.009991661645472159,-0.5998334129664561,Joint,300.111
28.25737190246582,24.304344177246094,10.01417064666748,0.0642662867903709,-0.010861619375646224,-0.5977336605403085,Joint,300.356
28.192283630371094,24.195280075073242,10.135866165161133,0.06943617761135097,-0.01125003304332505,-0.5968963344905039,Joint,300.605
28.105262756347656,24.054880142211914,10.282557487487793,0.06650070846080776,-0.011539272032678226,-0.5997664173457286,Joint,300.86
27.99618911743164,23.88161849975586,10.453935623168945,0.06713297218084328,-0.011323107406497107,-0.6011494835230968,Joint,301.118
27.87531852722168,23.679534912109375,10.64724349975586,0.060889929533004705,-0.011013519950211154,-0.6050593098017831,Joint,301.363
27.736862182617188,23.448965072631836,10.861165046691895,0.060210008174180936,-0.010339111089706527,-0.6067582805964612,Joint,301.613
27.580442428588867,23.191059112548828,11.09404182434082,0.055918905884027426,-0.010206499136984454,-0.6109995087000988,Joint,301.867
27.409622192382812,22.91109848022461,11.3370361328125,0.05660876259207719,-0.009819881990552039,-0.6126357754084727,Joint,302.115
27.22793197631836,22.604496002197266,11.586174964904785,0.05269250646233553,-0.009479926899075605,-0.6168824871394296,Joint,302.361
27.033536911010742,22.2757568359375,11.823698997497559,0.04300703108310694,-0.010162629187107182,-0.6187125881526135,Joint,302.613
26.82538604736328,21.9281005859375,12.039165496826172,0.03279448300600046,-0.011750962585210894,-0.6225790222499032,Joint,302.863
26.610210418701172,21.572349548339844,12.219147682189941,0.0180025994777679,-0.013758998364210224,-0.6240166862818858,Joint,303.126
26.395713806152344,21.212432861328125,12.364471435546875,0.010417376644909333,-0.015344691462814909,-0.6253883083674573,Joint,303.368
26.180145263671875,20.85504150390625,12.475586891174316,-0.0007321869488806032,-0.016623901203274824,-0.6258112629267836,Joint,303.617
25.960054397583008,20.500234603881836,12.559554100036621,-0.0022311243228614846,-0.01718059927225123,-0.6254455288264416,Joint,303.861
25.739025115966797,20.1525821685791,12.620370864868164,-0.005944570992142014,-0.01720587536692629,-0.6253620823237557,Joint,304.115
25.5241756439209,19.81424331665039,12.66407299041748,-0.003358301473781516,-0.019485024735331643,-0.626568003496852,Joint,304.363
25.306354522705078,19.48356056213379,12.694828987121582,-0.001826135441660933,-0.02070747874677191,-0.6269094189021248,Joint,304.62
25.087074279785156,19.16550064086914,12.717497825622559,0.0027693142183124477,-0.021207265555858716,-0.6253668506953379,Joint,304.867
24.863256454467773,18.855833053588867,12.73612117767334,0.005203434731811235,-0.02053161710500728,-0.6246606548640391,Joint,305.119
24.642866134643555,18.556976318359375,12.752190589904785,0.007941855117678592,-0.02000539191067229,-0.6216353615138196,Joint,305.365
24.41588592529297,18.261417388916016,12.766672134399414,0.01047314889729018,-0.018974538892507657,-0.6203643520686289,Joint,305.608
24.182119369506836,17.970230102539062,12.779986381530762,0.012851145118474908,-0.01857394725084315,-0.616249008974757,Joint,305.863
23.941633224487305,17.682022094726562,12.792119026184082,0.013035177253186654,-0.018034908920526605,-0.6145478924128673,Joint,306.118
23.699125289916992,17.39430046081543,12.804283142089844,0.011458202265202952,-0.01717388816177855,-0.6110097606990001,Joint,306.364
23.45501708984375,17.11252784729004,12.816998481750488,0.0035303989425301014,-0.01566472463309775,-0.6098045547816416,Joint,306.62
23.21007537841797,16.837080001831055,12.83122730255127,-0.01963550411164766,-0.008787699975073438,-0.6085437973353525,Joint,306.868
22.977231979370117,16.578723907470703,12.845837593078613,-0.05272048711776738,-0.003063882933929671,-0.6080695827815196,Joint,307.116
22.770450592041016,16.348031997680664,12.858967781066895,-0.08652799576520927,0.006849474739283213,-0.6091608246180674,Joint,307.37
22.60240936279297,16.158710479736328,12.870564460754395,-0.10194553434848792,0.011833374388515854,-0.6094602783534191,Joint,307.62
22.476943969726562,16.014938354492188,12.877143859863281,-0.0879195928573609,0.0024715426843612276,-0.6100575168940686,Joint,307.864
22.385801315307617,15.91425895690918,12.880109786987305,-0.07724285870790486,0.0011898896191268155,-0.6103693683955331,Joint,308.116
22.333290100097656,15.856982231140137,12.880156517028809,-0.06458497047424322,-0.004830658435821642,-0.6107694347712657,Joint,308.372
22.306411743164062,15.838062286376953,12.877620697021484,-0.04782386124134069,-0.014379613101482495,-0.6109079559657239,Joint,308.617
22.296344757080078,15.851555824279785,12.872801780700684,-0.027214519679546415,-0.013162132352590665,-0.6109501560542246,Joint,308.865
22.295337677001953,15.887031555175781,12.864503860473633,-0.00817910116165882,-0.0138422017917038,-0.6108869751307626,Joint,309.111
22.303924560546875,15.938282012939453,12.855507850646973,0.00273208227008576,-0.01117730513215075,-0.610838099322047,Joint,309.364
22.315227508544922,15.996147155761719,12.846379280090332,0.016643835231661745,-0.007414726540446382,-0.6108376224848888,Joint,309.616
22.3242244720459,16.053014755249023,12.838143348693848,0.020400524139404252,-0.002732170512899859,-0.6102611263606212,Joint,309.872
22.33156967163086,16.104095458984375,12.83056354522705,0.026505628600716542,-0.0012462738668547098,-0.610103293261256,Joint,310.122
22.342540740966797,16.146595001220703,12.823573112487793,0.0343253575265407,0.005644270218908682,-0.6094710071894784,Joint,310.371
22.353532791137695,16.17304039001465,12.817353248596191,0.034555103629827444,0.004241718444973127,-0.6094195087763925,Joint,310.615
22.361356735229492,16.182846069335938,12.812626838684082,0.03529279679059977,0.003691569902002705,-0.6087969978663584,Joint,310.865
22.36606788635254,16.175594329833984,12.80888557434082,0.03164565563201899,0.0026106827426700795,-0.6086169918391366,Joint,311.118
22.37562370300293,16.1541690826416,12.805998802185059,0.027111859992146436,-0.0006888211355545658,-0.6085511883113048,Joint,311.364
22.385236740112305,16.120773315429688,12.803641319274902,0.023245591670274682,0.0005703466595149534,-0.6084233959529067,Joint,311.612
22.393634796142578,16.07633399963379,12.801077842712402,0.020336322486400552,-0.002826278563588961,-0.6083592613551277,Joint,311.87
22.400009155273438,16.023466110229492,12.797550201416016,0.013783230446278999,-0.00817270018160353,-0.6083811958644054,Joint,312.128
22.412334442138672,15.967781066894531,12.79271125793457,0.011725932359695384,-0.009993429295718774,-0.6082636555049082,Joint,312.36
22.423311233520508,15.909826278686523,12.787487983703613,0.00459671905264253,-0.016280999407172304,-0.608166857561793,Joint,312.618
22.431209564208984,15.854883193969727,12.783388137817383,-0.0015909946523607308,-0.016705790534615614,-0.608216210207667,Joint,312.867
22.437658309936523,15.805235862731934,12.78067398071289,-0.003796757897362166,-0.009751399978995427,-0.608307524523463,Joint,313.12
22.452762603759766,15.76182746887207,12.778968811035156,-0.00107732787728315,-0.011859625577926736,-0.608477755388941,Joint,313.367
22.47041130065918,15.722968101501465,12.778199195861816,0.003555902978405305,-0.0011323092039675524,-0.6086742122981211,Joint,313.616
22.490856170654297,15.684937477111816,12.77896785736084,0.002973245922476002,-0.008136738091707332,-0.6089338501307628,Joint,313.877
22.51218032836914,15.64957332611084,12.782562255859375,0.004748671315610357,-0.0065029407851399015,-0.6089870174739023,Joint,314.118
22.540576934814453,15.616165161132812,12.78654670715332,0.008437022566795297,-0.00979180634021769,-0.6092306812617442,Joint,314.362
22.5682373046875,15.584173202514648,12.790946960449219,0.009427354671060983,-0.011465771123767001,-0.609228773913111,Joint,314.62
22.5918025970459,15.551756858825684,12.795562744140625,0.014243913814425418,-0.012559426017105682,-0.6093093593928477,Joint,314.88
22.609994888305664,15.51855754852295,12.800188064575195,0.012090952135622451,-0.015278687700629337,-0.6094533642146251,Joint,315.126
22.629148483276367,15.486757278442383,12.80385971069336,0.006830607075244135,-0.018750961869955163,-0.6095124920222421,Joint,315.383
22.644250869750977,15.459931373596191,12.8065767288208,0.004977950826287214,-0.02050193212926397,-0.6096569736811777,Joint,315.626
22.65283966064453,15.437827110290527,12.809306144714355,-2.214352389279381e-05,-0.023252906277775858,-0.6095999916407722,Joint,315.874
22.65530776977539,15.424363136291504,12.811821937561035,0.0013981339288874895,-0.021297737956047162,-0.6096677025172371,Joint,316.125
22.658193588256836,15.418357849121094,12.81348991394043,-0.0022353639360517793,-0.021140629425644975,-0.6100253303858896,Joint,316.373
22.65724754333496,15.422285079956055,12.814275741577148,-0.007161666639149242,-0.023826703429222204,-0.6100601394984385,Joint,316.619
22.652175903320312,15.43817138671875,12.814897537231445,-0.004237841814756447,-0.02008421532809744,-0.6103188236567637,Joint,316.873
22.643266677856445,15.46469783782959,12.815394401550293,-0.005526167340576698,-0.021921006962657075,-0.6104482849452157,Joint,317.126
22.636905670166016,15.502628326416016,12.816164016723633,-0.002868402516469413,-0.018181556835770708,-0.6106211384150646,Joint,317.37
22.62726402282715,15.550015449523926,12.817389488220215,0.0035716413985937313,-0.012532107532024484,-0.6106712063166759,Joint,317.621
22.614469528198242,15.602142333984375,12.817708969116211,0.003400791203603097,-0.010545129887759786,-0.6109654148432873,Joint,317.862
22.600311279296875,15.657146453857422,12.817021369934082,0.009732804261147926,-0.005682521499693496,-0.6110047539088389,Joint,318.115
22.59038734436035,15.712735176086426,12.81618881225586,0.00996361859142775,-0.004169990308582882,-0.6110088070246839,Joint,318.366
22.580982208251953,15.765528678894043,12.815427780151367,0.01647990196943278,0.0015631417045368751,-0.6109551628443859,Joint,318.627
22.571687698364258,15.811822891235352,12.81441879272461,0.02554487623274321,0.007964104413986104,-0.6109377582881111,Joint,318.876
22.563478469848633,15.846101760864258,12.813298225402832,0.024975750595331137,0.007684145122766392,-0.6108230789515634,Joint,319.121
22.56171989440918,15.868502616882324,12.812392234802246,0.024203216657042455,0.008028268814086813,-0.6109325130793712,Joint,319.372
22.56167221069336,15.878902435302734,12.811630249023438,0.020516086369752835,0.00423919130116691,-0.6109725674006602,Joint,319.62
22.562158584594727,15.878447532653809,12.810778617858887,0.020123209804296445,0.002745277946814795,-0.6109458645198008,Joint,319.868
22.562402725219727,15.868148803710938,12.809901237487793,0.015701968222856477,-0.0019551736768336127,-0.6109847267481944,Joint,320.123
22.568668365478516,15.85244369506836,12.809835433959961,0.019791211932897516,-0.0012862569419668183,-0.6107010086390634,Joint,320.37
22.575376510620117,15.82949161529541,12.810501098632812,0.015154140070080707,-0.0046911560930312695,-0.6106309135768077,Joint,320.631
22.58068084716797,15.801312446594238,12.810386657714844,0.017834525555372186,-0.006362298503518203,-0.6105496128413341,Joint,320.868
22.582250595092773,15.767538070678711,12.80971908569336,0.010975457727909036,-0.010874541476369008,-0.610378428301539,Joint,321.118
22.586673736572266,15.733917236328125,12.81015682220459,0.009931024163961358,-0.010164311155676937,-0.6102077205989026,Joint,321.376
22.5891170501709,15.700323104858398,12.811158180236816,0.004071803297847458,-0.013443243689835174,-0.6101354797694347,Joint,321.624
22.5878849029541,15.668466567993164,12.812614440917969,0.009098573587834783,-0.008921228349208932,-0.610016270479884,Joint,321.88
22.584787368774414,15.637327194213867,12.814238548278809,0.00516201043501491,-0.0106076505035163,-0.6099778850886481,Joint,322.126
22.58597183227539,15.609021186828613,12.815302848815918,0.00466602249070997,-0.008457222953438861,-0.6097041805598399,Joint,322.368
22.58789825439453,15.582962036132812,12.815895080566406,0.0021983326878398136,-0.010364934802055463,-0.6094698150965833,Joint,322.615
22.588293075561523,15.559971809387207,12.816827774047852,0.006550419144332359,-0.008163898251950843,-0.6094433506343029,Joint,322.873
22.587352752685547,15.538334846496582,12.818259239196777,0.0044924113899468855,-0.01016977429389964,-0.6092926700923105,Joint,323.127
22.590335845947266,15.519424438476562,12.819091796875,0.008661544881761024,-0.006905394606292349,-0.6091911037776134,Joint,323.375
22.59323501586914,15.501202583312988,12.819282531738281,0.006585171911865421,-0.008326498791575529,-0.60999075969192,Joint,323.62
22.593780517578125,15.484512329101562,12.818049430847168,0.01864971034228798,-0.01641764491796503,-0.7365042408320567,Joint,323.878
22.583311080932617,15.46603012084961,12.812104225158691,0.059046167880296686,-0.01687342673540123,-0.9678847034785407,Return Home,324.117
22.55175018310547,15.43882942199707,12.801667213439941,0.06697484105825424,-0.002997638424858486,-1.2177793224665783,Return Home,324.376
22.4892635345459,15.400054931640625,12.78724479675293,0.07038545608520509,0.02495638281106948,-1.4790422161433363,Return Home,324.624
22.39324951171875,15.34409236907959,12.76880931854248,0.059354763478040695,0.0471262037754059,-1.7449388384779518,Return Home,324.87
22.261409759521484,15.266480445861816,12.74615478515625,0.044333174824714654,0.06888660788536075,-2.003983485694749,Return Home,325.133
22.1019344329834,15.164328575134277,12.719438552856445,0.02590017206966876,0.07293827831745153,-2.129056918617112,Return Home,325.381
21.911134719848633,15.032866477966309,12.688750267028809,0.020554486662149415,0.07090344280004506,-2.176689374442918,Return Home,325.629
21.69304847717285,14.875174522399902,12.653580665588379,0.019130133092403388,0.062093731015920695,-2.1958896994551247,Return Home,325.879
21.446063995361328,14.692054748535156,12.613396644592285,0.022305881604552248,0.05799937993288048,-2.203254449363572,Return Home,326.129
21.17917251586914,14.488035202026367,12.56842041015625,0.023048341274261454,0.05076089128851897,-2.205683934684617,Return Home,326.381
20.889188766479492,14.265134811401367,12.51880168914795,0.02614452689886092,0.04779303818941123,-2.205458629127366,Return Home,326.626
20.57189178466797,14.02346134185791,12.46385383605957,0.026470828801393485,0.04144997149705894,-2.203941094871384,Return Home,326.878
20.23423957824707,13.770907402038574,12.404738426208496,0.028440093621611574,0.040053844451904366,-2.2019274115522927,Return Home,327.132
19.878332138061523,13.506461143493652,12.341591835021973,0.026873920112848258,0.03479055687785157,-2.199426162238938,Return Home,327.385
19.50514030456543,13.234206199645996,12.27491569519043,0.026942444965243322,0.03393237292766577,-2.197252738471848,Return Home,327.632
19.106843948364258,12.95002555847168,12.203756332397461,0.02470469847321509,0.0299452282488347,-2.1942815661390846,Return Home,327.877
18.689367294311523,12.656425476074219,12.129094123840332,0.02427931129932401,0.02968852035701283,-2.192135322090013,Return Home,328.126
18.258987426757812,12.354386329650879,12.051161766052246,0.021917326375842077,0.026308072730898927,-2.189542281623704,Return Home,328.377
17.808792114257812,12.040993690490723,11.969480514526367,0.021502651274204237,0.027018791064620084,-2.187641847129685,Return Home,328.632
17.346111297607422,11.721981048583984,11.885330200195312,0.019380882382392866,0.024093538522720406,-2.1854195475538796,Return Home,328.885
16.867847442626953,11.394933700561523,11.798404693603516,0.01915075629949567,0.024549763649702152,-2.1837146162947243,Return Home,329.134
16.383222579956055,11.060933113098145,11.709626197814941,0.017071379348635656,0.021666903048753808,-2.1818282484968727,Return Home,329.385
15.88218879699707,10.71619987487793,11.618000984191895,0.01711435243487356,0.02223368547856814,-2.180333602424485,Return Home,329.626
15.368111610412598,10.363690376281738,11.524222373962402,0.015859048813581442,0.019922114908695297,-2.1789471983870095,Return Home,329.873
14.841826438903809,10.003718376159668,11.428218841552734,0.016386467963457094,0.0207172483205796,-2.1777427077253884,Return Home,330.123
14.301837921142578,9.632145881652832,11.329437255859375,0.01502331532537936,0.018183553591370652,-2.1765663504561013,Return Home,330.376
13.755820274353027,9.255233764648438,11.229424476623535,0.015554861165583111,0.019098503515124394,-2.1754817843397682,Return Home,330.631
13.198310852050781,8.871119499206543,11.12758731842041,0.014515843242406824,0.016457393765449597,-2.174286592002732,Return Home,330.877
12.635382652282715,8.483430862426758,11.024621963500977,0.015311991795897468,0.01742481999099261,-2.173357236381394,Return Home,331.128
12.060434341430664,8.084493637084961,10.919116973876953,0.014490121975541092,0.015087948180735186,-2.1721851706465305,Return Home,331.381
11.476398468017578,7.678714752197266,10.81230354309082,0.015176729299128035,0.016078907996416165,-2.17121933698259,Return Home,331.627
10.881719589233398,7.266574382781982,10.703919410705566,0.014516348019242266,0.013976068235933857,-2.1699867129286354,Return Home,331.877
10.272000312805176,6.8452630043029785,10.593188285827637,0.015529363416135289,0.014803224243223742,-2.169120061393601,Return Home,332.131
9.66019058227539,6.418697357177734,10.482134819030762,0.014514414593577364,0.012507146224379607,-2.167721498008592,Return Home,332.384
9.040207862854004,5.986743450164795,10.369589805603027,0.015377507545053935,0.013601540587842534,-2.1666748404463356,Return Home,332.633
8.416337966918945,5.552424430847168,10.256474494934082,0.014758235774934271,0.011503813788294856,-2.165053117271287,Return Home,332.883
7.778952598571777,5.110189437866211,10.141045570373535,0.01563925668597219,0.012447775341570443,-2.16380761861406,Return Home,333.134
7.135772705078125,4.660482883453369,10.02430248260498,0.014898305758833866,0.010615317150950496,-2.1618580698927468,Return Home,333.381
6.480286121368408,4.20285701751709,9.90648078918457,0.014061708934605103,0.007550326175987789,-2.1604988455732888,Return Home,333.638
5.824045658111572,3.745635747909546,9.791831970214844,0.011154229752719385,-0.0013855285942553795,-2.1579475283583225,Return Home,333.883
5.165773868560791,3.2895994186401367,9.682990074157715,0.00625623390078543,-0.015385142527520592,-2.156325805183274,Return Home,334.132
4.514441013336182,2.835315465927124,9.582880973815918,0.0003417464613448607,-0.031188478693365995,-2.152849185462815,Return Home,334.382
3.8802733421325684,2.395491361618042,9.494028091430664,-0.00614022184163334,-0.04798056930303567,-2.1508056998213356,Return Home,334.634
3.2619011402130127,1.9707961082458496,9.416565895080566,-0.01347685139626267,-0.06654468923807139,-2.1458396792372287,Return Home,334.876
2.6744589805603027,1.5725300312042236,9.352226257324219,-0.02128636278212074,-0.08627574890851965,-2.142974841590745,Return Home,335.129
2.126211643218994,1.2021805047988892,9.301721572875977,-0.031204065307974826,-0.10931470990180965,-2.1353256583174294,Return Home,335.385
1.6361955404281616,0.8764811158180237,9.26431655883789,-0.03853814303874971,-0.12553648650646201,-2.131329762931687,Return Home,335.637
1.207826852798462,0.5995317101478577,9.236019134521484,-0.04598843678832057,-0.13670429587364188,-2.119681346412522,Return Home,335.878
0.8502189517021179,0.3769044578075409,9.214417457580566,-0.055042330175638234,-0.14698517322540278,-2.1142172694166725,Return Home,336.137
0.565753161907196,0.20599208772182465,9.19796085357666,-0.06531661748886111,-0.15203933417797083,-2.0945854067762917,Return Home,336.379
0.3625115156173706,0.09322208911180496,9.185114860534668,-0.06404275447130202,-0.13437256217002863,-2.0865540385206764,Return Home,336.632
0.23307135701179504,0.031559210270643234,9.174817085266113,-0.05501892417669298,-0.1044918075203895,-2.050333011146409,Return Home,336.883
0.16364271938800812,0.010885112918913364,9.166688919067383,-0.045003678649663946,-0.0721683651208877,-2.0372292876204074,Return Home,337.136
0.14310449361801147,0.01643373817205429,9.158552169799805,-0.031427126377820996,-0.043575692921876845,-2.033267009254319,Return Home,337.386
0.15666040778160095,0.03803970664739609,9.137575149536133,-0.016885731369256994,-0.019608048722147886,-2.031276690955979,Return Home,337.64
0.18961253762245178,0.06576364487409592,9.088010787963867,-0.003687561955302967,-0.0010565960546954924,-2.030311095710618,Return Home,337.887
0.23030368983745575,0.0939476266503334,8.999584197998047,0.0072843162342905885,0.01234741415828472,-2.0298049330671852,Return Home,338.137
0.2724515199661255,0.11416399478912354,8.882623672485352,0.015318318270146836,0.020566809922456793,-2.0295214533766335,Return Home,338.38
0.3068397343158722,0.1241193488240242,8.75168514251709,0.02018098160624503,0.023126173764467302,-2.0293917536696022,Return Home,338.634
0.32892104983329773,0.12456771731376648,8.617018699645996,0.02255234867334365,0.02129215188324457,-2.029372680183274,Return Home,338.885
0.33727574348449707,0.11591819673776627,8.483983993530273,0.022645592689514143,0.017068905755877554,-2.029435861106736,Return Home,339.124
0.3361485004425049,0.09730418026447296,8.352740287780762,0.021059723570942875,0.011156943626701882,-2.029484498496873,Return Home,339.382
0.3248650133609772,0.07192698866128922,8.224227905273438,0.01877800561487674,0.004876670427620463,-2.0295121550520485,Return Home,339.634
0.30429789423942566,0.04370340704917908,8.096163749694824,0.01646701619029044,-0.0015395184746011543,-2.02949594258867,Return Home,339.882
0.27772194147109985,0.015260647982358932,7.9690470695495605,0.013841218315064893,-0.00702494196593756,-2.029566991325242,Return Home,340.135
0.2508453130722046,-0.014121048152446747,7.842741966247559,0.011235082522034633,-0.011028643697500173,-2.029544103141648,Return Home,340.383
0.22258040308952332,-0.04044758528470993,7.715813636779785,0.008887445554137218,-0.013404508121311614,-2.029591071601731,Return Home,340.635
0.19482775032520294,-0.062375329434871674,7.590091705322266,0.007367318961769333,-0.015133359469473305,-2.029632318015916,Return Home,340.889
0.16874200105667114,-0.07919586449861526,7.464404106140137,0.00571465026587247,-0.01580907031893725,-2.02964447736345,Return Home,341.14
0.14799022674560547,-0.09483577311038971,7.3400187492370605,0.004570886958390463,-0.015801031142473162,-2.029468524452073,Return Home,341.388
0.13099683821201324,-0.10533797740936279,7.2145538330078125,0.004134971648454654,-0.014625168405473177,-2.0296103835066384,Return Home,341.635
0.11740852892398834,-0.11105887591838837,7.08910608291626,0.00419098464772104,-0.012657686136662901,-2.0296714186628884,Return Home,341.885
0.10687589645385742,-0.11350590735673904,6.963556289672852,0.00488222064450382,-0.010899506509303995,-2.029685008521897,Return Home,342.138
0.10050000250339508,-0.11597491800785065,6.837191104888916,0.005368201062083231,-0.009458602406084482,-2.0297894358595436,Return Home,342.393
0.0967530906200409,-0.1162964254617691,6.711610317230225,0.005873933434486377,-0.007652634289115614,-2.0297846674879616,Return Home,342.641
0.09405533969402313,-0.1142498105764389,6.586069107055664,0.0065251309424638635,-0.006161041557788794,-2.0298120856245583,Return Home,342.891
0.09218767285346985,-0.1111413985490799,6.461368083953857,0.00699411006644367,-0.005034662783145849,-2.0299749255140846,Return Home,343.135
0.09219619631767273,-0.11059365421533585,6.3360276222229,0.007214091252535568,-0.004317726939916556,-2.0300207018812717,Return Home,343.389
0.09194928407669067,-0.1102309376001358,6.210601329803467,0.007397296838462338,-0.004038813523948139,-2.030123460288865,Return Home,343.638
0.09082990139722824,-0.10927929729223251,6.085172176361084,0.0076096528209745745,-0.0039045282173901246,-2.030170190330369,Return Home,343.89
0.08857505768537521,-0.1075756773352623,5.9586262702941895,0.007811221759766327,-0.00400610920041794,-2.0302061915358136,Return Home,344.136
0.08812694996595383,-0.10838571935892105,5.833264350891113,0.007600693963468063,-0.004027925897389597,-2.030238616462571,Return Home,344.388
0.08694841712713242,-0.10873128473758698,5.707864284515381,0.007482342422008503,-0.004092745948582831,-2.0303449511488507,Return Home,344.645
0.0845191478729248,-0.10837602615356445,5.583464622497559,0.007244391366839396,-0.004173642955720369,-2.0303974032362526,Return Home,344.889
0.08103816956281662,-0.1069643646478653,5.457985877990723,0.00705813383683561,-0.004354736767709201,-2.0304131388624733,Return Home,345.136
0.07932094484567642,-0.10819552838802338,5.332813262939453,0.0068756630644202085,-0.004477587994188016,-2.0304803729017795,Return Home,345.389
0.07623553276062012,-0.10881350934505463,5.206609725952148,0.00646205712109803,-0.004676732700318042,-2.0305521368940895,Return Home,345.641
0.07275737822055817,-0.10849515348672867,5.081374645233154,0.006308674346655595,-0.004850001074373667,-2.030652034278733,Return Home,345.89
0.06929390877485275,-0.1071476936340332,4.956018447875977,0.006253800354897963,-0.004860813263803667,-2.0306157946547096,Return Home,346.144
0.06841519474983215,-0.10778950899839401,4.8309149742126465,0.006364307831972826,-0.004654379095882124,-2.0306734919508522,Return Home,346.394
0.06817346811294556,-0.10679462552070618,4.706688404083252,0.006279148161411277,-0.004157008603215162,-2.0306732535322736,Return Home,346.64
0.06710541248321533,-0.1040240228176117,4.581645488739014,0.00632714247331022,-0.003691205754876082,-2.0307023405989235,Return Home,346.89
0.06518726050853729,-0.10059589892625809,4.456430435180664,0.006339591927826392,-0.0035184368025510944,-2.0307557463606427,Return Home,347.131
0.0648474171757698,-0.09965034574270248,4.330506324768066,0.006215997040271746,-0.0034174697939305947,-2.030736196037156,Return Home,347.394
0.06462428718805313,-0.09893400967121124,4.205258369445801,0.006100730039179313,-0.003386085620149915,-2.0307776808699196,Return Home,347.637
0.06391168385744095,-0.09726344794034958,4.080158710479736,0.0062118154019117225,-0.0034187522251158406,-2.0308642268141335,Return Home,347.895
0.06290312111377716,-0.09527193754911423,3.9558465480804443,0.006406794767826783,-0.0034423999022691887,-2.0308132052382057,Return Home,348.132
0.06341428309679031,-0.09559556096792221,3.8309056758880615,0.006348392926156509,-0.003409346099942868,-2.0308554053267067,Return Home,348.387
0.0631665512919426,-0.09595312178134918,3.705855369567871,0.006374169606715429,-0.003548175096511786,-2.0308434843977516,Return Home,348.639
0.062016382813453674,-0.09563475847244263,3.5807881355285645,0.006345235276967275,-0.0038036860059946216,-2.0309085726698464,Return Home,348.89
0.06014461815357208,-0.09432806074619293,3.454585075378418,0.00628095259889959,-0.0039927107281982335,-2.0308825850447243,Return Home,349.145
0.060301437973976135,-0.09531451761722565,3.329674243927002,0.006295694503933177,-0.0039272862486540725,-2.0309367060621804,Return Home,349.391
0.06042712926864624,-0.09589250385761261,3.2046632766723633,0.006341373082250345,-0.003831661771982853,-2.031001794334275,Return Home,349.64
0.06011247634887695,-0.0956665500998497,3.0806937217712402,0.006460912525653826,-0.003802043152973,-2.030983197685105,Return Home,349.888
0.05914321541786194,-0.09432759135961533,2.955533027648926,0.006586956325918423,-0.0038343099877237727,-2.0310854792555397,Return Home,350.14
0.05992989242076874,-0.0949663370847702,2.83071231842041,0.006509196944534767,-0.003691422287374679,-2.031055915351731,Return Home,350.386
0.060442619025707245,-0.0952431932091713,2.705751657485962,0.006545830052345977,-0.003545426763594095,-2.0310315966566628,Return Home,350.64
0.05989335477352142,-0.0942947044968605,2.579798460006714,0.006619937717914567,-0.003568510292097873,-2.031055676933152,Return Home,350.89
0.05870666354894638,-0.09276154637336731,2.4545865058898926,0.006462233606725919,-0.0036144452169537006,-2.031121957298142,Return Home,351.148
0.05907797813415527,-0.09323488175868988,2.329678535461426,0.006285001989454017,-0.0036107497289776256,-2.031121242042405,Return Home,351.397
0.05894598364830017,-0.0936552956700325,2.2055232524871826,0.006132301874458777,-0.0034867399372159893,-2.031036365028245,Return Home,351.649
0.057021088898181915,-0.0929814949631691,2.0804975032806396,0.005894460715353478,-0.003631778527051157,-2.031212556358201,Return Home,351.894
0.05436074733734131,-0.09154349565505981,1.955359697341919,0.0057579614222049574,-0.003804767737165038,-2.0311131358107155,Return Home,352.135
0.05356579273939133,-0.092042475938797,1.8305155038833618,0.0056065558455884335,-0.003780057420954053,-2.0311932444532936,Return Home,352.395
0.05292428284883499,-0.09130822122097015,1.7045124769210815,0.005494280718266951,-0.003567766631022041,-2.031172502036912,Return Home,352.644
0.05231292545795441,-0.08969902992248535,1.579480528831482,0.005598730873316513,-0.0033349147997796006,-2.0312092184980934,Return Home,352.892
0.05135538429021835,-0.08747883886098862,1.4542642831802368,0.005780100822448718,-0.003253725357353632,-2.0312256693800514,Return Home,353.141
0.05222097784280777,-0.08770490437746048,1.3304204940795898,0.005807193927466857,-0.003110265592113083,-2.0311956286390846,Return Home,353.392
0.052816033363342285,-0.0877707451581955,1.2054212093353271,0.005789834540337313,-0.0030681029893457356,-2.031279551978928,Return Home,353.641
0.052770793437957764,-0.08679726719856262,1.0804731845855713,0.005961716175079331,-0.0030939828138797933,-2.031304585929734,Return Home,353.897
0.05204175412654877,-0.08488405495882034,0.9553403854370117,0.0060701887123286585,-0.003081403439864462,-2.031243312354905,Return Home,354.143
0.0525362491607666,-0.08459106832742691,0.8294994235038757,0.005943107418715941,-0.0030115530826150816,-2.0313105463942116,Return Home,354.393
0.052912235260009766,-0.08443080633878708,0.7045233249664307,0.0057687233202159275,-0.0029009929858147547,-2.0313615679701393,Return Home,354.644
0.05259916931390762,-0.08375231176614761,0.5796402096748352,0.005840127356350408,-0.003070955164730495,-2.0313882708509983,Return Home,354.899
0.05273783206939697,-0.08280064910650253,0.45544949173927307,0.00611833808943628,-0.0031333127990364478,-2.0313312888105934,Return Home,355.144
0.055008143186569214,-0.0835862010717392,0.33062833547592163,0.0063507668673992036,-0.003036243841052001,-2.03131102323137,Return Home,355.391
0.056910350918769836,-0.08414959162473679,0.2057024985551834,0.006484340876340854,-0.0028563700616359156,-2.031274783607347,Return Home,355.643
0.056519411504268646,-0.0840868130326271,0.07979059219360352,0.00632906239479779,-0.004791896790265982,-2.0312771677931374,Return Home,355.898
0.05175931751728058,-0.08612480014562607,-0.04622894525527954,0.005755300167947996,-0.003103042254224366,-2.031189191337449,Return Home,356.15
0.051044806838035583,-0.08845213800668716,-0.12572303414344788,0.005702588707208619,-0.00311532430350775,-2.031072366233689,Return Home,356.391
0.051680855453014374,-0.09015185385942459,-0.17935141921043396,0.005622700788080678,-0.0031370429787784264,-2.0309548258741916,Return Home,356.647
0.05267564207315445,-0.09105558693408966,-0.22038184106349945,0.005560086574405418,-0.003156184451654499,-2.030830371375901,Return Home,356.889
0.05331672728061676,-0.09088199585676193,-0.25632336735725403,0.005496928468346583,-0.003191540017723982,-2.0307161688765114,Return Home,357.148
0.055904194712638855,-0.09227700531482697,-0.2822980284690857,0.005427583586424576,-0.0032013652380555317,-2.0305776476820534,Return Home,357.397
0.058153338730335236,-0.09310989081859589,-0.30652064085006714,0.005355437751859414,-0.0031981326173990436,-2.0304615378340305,Return Home,357.65
0.059859320521354675,-0.09326204657554626,-0.3295784294605255,0.0053167627193033565,-0.003207190893590395,-2.0303475737532204,Return Home,357.9
0.06096511334180832,-0.09270954132080078,-0.3517199754714966,0.005274748429656017,-0.0032121264375745704,-2.030229556556565,Return Home,358.146
0.0637352243065834,-0.09397605061531067,-0.36702385544776917,0.005228341091424216,-0.003207081463187879,-2.0301132082899636,Return Home,358.396
0.0660458579659462,-0.09478223323822021,-0.38153377175331116,0.005202947650104748,-0.0031923584174364267,-2.030001866813523,Return Home,358.644
0.06752846390008926,-0.09474785625934601,-0.3963499069213867,0.005171268247067918,-0.0031915388535707647,-2.0298967242201393,Return Home,358.901
0.06831955909729004,-0.09399914741516113,-0.410469651222229,0.005151655990630376,-0.0031762009020894224,-2.0297894358595436,Return Home,359.145
0.0707169771194458,-0.0944044291973114,-0.4088370203971863,0.005113494582474219,-0.0031877455767243563,-2.029698359962327,Return Home,359.404
0.07329598814249039,-0.09449987858533859,-0.3941829204559326,0.005059049930423485,-0.003204998560249752,-2.029660928245408,Return Home,359.653
0.07542302459478378,-0.09373267740011215,-0.3805679976940155,0.005025260150432574,-0.003236664924770538,-2.0296523451765602,Return Home,359.893
0.07718388736248016,-0.09242045134305954,-0.3685123920440674,0.004985674284398544,-0.0032744433265178854,-2.0296735644301003,Return Home,360.142
0.08006059378385544,-0.09267131984233856,-0.3582807183265686,0.004938398487865913,-0.003288886044174379,-2.0296761870344704,Return Home,360.395
0.0826478898525238,-0.09271787852048874,-0.3500157296657562,0.004890426527708758,-0.0032942376565187627,-2.02968429326616,Return Home,360.643
0.08457689732313156,-0.0921112522482872,-0.34486639499664307,0.004847424570471036,-0.0032985503785311634,-2.029703128333909,Return Home,360.896
0.08580673485994339,-0.09070172905921936,-0.3408997058868408,0.00481314957141875,-0.0033087427727877543,-2.0297212481459206,Return Home,361.154
0.08813611418008804,-0.09133922308683395,-0.3362307548522949,0.004764547571539865,-0.0033022328279911934,-2.02973984479509,Return Home,361.401
0.09017468243837357,-0.09180966019630432,-0.3313319683074951,0.004720801953226316,-0.0032973638735711045,-2.029764163490159,Return Home,361.65
0.09174074977636337,-0.09176336973905563,-0.3272954225540161,0.004678274039179077,-0.003291891422122663,-2.029788243766648,Return Home,361.895
0.0926717147231102,-0.09091880172491074,-0.3231011629104614,0.004656012635678041,-0.0032858855556696124,-2.02983020543657,Return Home,362.158
0.09453705698251724,-0.09187792241573334,-0.31811001896858215,0.004615943878889072,-0.0032743902411311327,-2.0298685908278054,Return Home,362.395
0.09614929556846619,-0.09261529892683029,-0.312330424785614,0.004597729071974742,-0.003256638767197674,-2.0299115061720436,Return Home,362.644
0.09708680212497711,-0.0924072191119194,-0.30735477805137634,0.004562401212751854,-0.00323137734085316,-2.0299563288649147,Return Home,362.903
0.09761866182088852,-0.09178400784730911,-0.30140289664268494,0.004542979411780822,-0.003211780916899389,-2.029989707465989,Return Home,363.149
0.09900900721549988,-0.09294281154870987,-0.2946743071079254,0.004512935411185014,-0.003179110586643165,-2.030046212669236,Return Home,363.403
0.10023258626461029,-0.09406888484954834,-0.28691548109054565,0.004494163207709776,-0.0031512735877185535,-2.030096280570847,Return Home,363.65
0.10082603245973587,-0.09426824003458023,-0.27976930141448975,0.004466508980840431,-0.003131902310997195,-2.030150640006882,Return Home,363.896
0.10097067058086395,-0.09380360692739487,-0.2720504701137543,0.004446301609277711,-0.0031057931482791354,-2.0301928400953835,Return Home,364.146
0.10195227712392807,-0.09502945840358734,-0.26386773586273193,0.004413657821714866,-0.003073735162615721,-2.0302314639051984,Return Home,364.397
0.10263407975435257,-0.09582215547561646,-0.2552490830421448,0.004375319927930817,-0.0030433919746428186,-2.030276286598069,Return Home,364.652
0.10297232866287231,-0.09609189629554749,-0.24687643349170685,0.0043436530977487425,-0.0030303213279693772,-2.0303177714308327,Return Home,364.901
0.10294079780578613,-0.09571501612663269,-0.2380283772945404,0.004315724130719887,-0.0030157836154102746,-2.0303652167280735,Return Home,365.154
0.1038326546549797,-0.09718307107686996,-0.2288307249546051,0.0042900783009827,-0.0029883605893700777,-2.0304140925367897,Return Home,365.402
0.10446642339229584,-0.09819314628839493,-0.2193365842103958,0.004262654576450573,-0.0029633373487740226,-2.030457961555344,Return Home,365.649
0.10470609366893768,-0.09844992309808731,-0.21031315624713898,0.004244783427566276,-0.00294452533125872,-2.0304984927137917,Return Home,365.902
0.10451187193393707,-0.09790696948766708,-0.20103617012500763,0.0042347628623247025,-0.0029229933861642534,-2.0305521368940895,Return Home,366.154
0.10513915121555328,-0.09914442896842957,-0.1918300837278366,0.0042100618593394635,-0.0028884673956781084,-2.030597674842698,Return Home,366.4
0.10560958087444305,-0.10019703209400177,-0.18235771358013153,0.004188047721981988,-0.0028496233280747595,-2.0306517958601535,Return Home,366.649
0.10569766163825989,-0.10053204745054245,-0.17333923280239105,0.004162493627518404,-0.0028280839323996947,-2.0306868433912824,Return Home,366.897
0.10551292449235916,-0.10039792209863663,-0.1640957146883011,0.0041427090764045585,-0.0028088097460567405,-2.0307259440382546,Return Home,367.148
0.10603301227092743,-0.1016433835029602,-0.15515300631523132,0.004117245785891997,-0.002775314263999407,-2.030775773521287,Return Home,367.403
0.10641570389270782,-0.10264626145362854,-0.1461254209280014,0.004086026456207025,-0.002739085583016222,-2.030818212028367,Return Home,367.654
0.10635934770107269,-0.10278598219156265,-0.1375899612903595,0.004071889910846938,-0.0027106448542326142,-2.030862796302659,Return Home,367.906
0.10605908930301666,-0.10249365866184235,-0.12899386882781982,0.004056107718497502,-0.0026920139789580757,-2.0308892607649387,Return Home,368.157
0.10655379295349121,-0.10376062989234924,-0.12072660028934479,0.004027677699923504,-0.0026565259322523524,-2.030921447273118,Return Home,368.405
0.1069122850894928,-0.1047695130109787,-0.11242399364709854,0.003999959211796508,-0.002633065218105857,-2.030947911735398,Return Home,368.648
0.1069754958152771,-0.10525362193584442,-0.10454666614532471,0.0039835358038544525,-0.0026187810581176922,-2.0309922575911106,Return Home,368.9
0.10661859065294266,-0.10499195754528046,-0.09675882011651993,0.003961191512644278,-0.0026171512436121164,-2.031034457679612,Return Home,369.15
0.10708454251289368,-0.10619460791349411,-0.089421346783638,0.003944729920476661,-0.0025940174236893107,-2.031053769584519,Return Home,369.4
0.1073465496301651,-0.10697044432163239,-0.0821385383605957,0.003910957369953381,-0.0025758533738552973,-2.031083095069749,Return Home,369.657
0.10734084248542786,-0.10723648220300674,-0.07521775364875793,0.0038943327963352073,-0.0025582760572432925,-2.031105267997605,Return Home,369.911
0.10704624652862549,-0.1069658100605011,-0.0683620348572731,0.003884875448420631,-0.0025470261462032257,-2.0311245799025124,Return Home,370.156
0.10761258006095886,-0.10829824209213257,-0.06197429075837135,0.0038657011464238032,-0.0025188901927321603,-2.0311512827833713,Return Home,370.405
0.1080087423324585,-0.10923676937818527,-0.05566893890500069,0.003846127074211823,-0.0024959580041467597,-2.031180131431443,Return Home,370.651
0.1080331951379776,-0.10946754366159439,-0.04969917982816696,0.0038266533520072577,-0.00249417382292444,-2.031198966499192,Return Home,370.895
0.10770657658576965,-0.10912713408470154,-0.04384193569421768,0.003817140590399491,-0.0024725862313061406,-2.031224715705735,Return Home,371.153
0.10806840658187866,-0.11006549745798111,-0.03840694949030876,0.0037744920700788368,-0.00244954437948758,-2.031247842307908,Return Home,371.406
0.10842511057853699,-0.11094173789024353,-0.03312493488192558,0.0037469805683940523,-0.0024341018870472357,-2.031269538398606,Return Home,371.659
0.10848672688007355,-0.11117077618837357,-0.0280853733420372,0.0037295250222086776,-0.00241997954435641,-2.031290280814988,Return Home,371.908
0.10834106802940369,-0.11098136007785797,-0.023168770596385002,0.0037084112409502146,-0.0024150500539689714,-2.031294572349412,Return Home,372.137
0.10889381170272827,-0.11205411702394485,-0.018617862835526466,0.003672640537843095,-0.002404634840786403,-2.0313129305800026,Return Home,372.405
0.10935570299625397,-0.11290525645017624,-0.014247382991015911,0.0036396863870322566,-0.0023841531947254592,-2.03132938146196,Return Home,372.654
0.10948909819126129,-0.11309244483709335,-0.010092638432979584,0.0036223230417817705,-0.0023607423063367063,-2.031344401832444,Return Home,372.907
0.10921831429004669,-0.11262119561433792,-0.0060218386352062225,0.0036117096897214517,-0.002357512246817295,-2.031358468528611,Return Home,373.156
0.10972154140472412,-0.11364766955375671,-0.002415777649730444,0.0035811509005725245,-0.002323508029803578,-2.031368720527512,Return Home,373.407
0.1100800484418869,-0.11447235941886902,0.0009947747457772493,0.0035616897512227184,-0.0023024426773189943,-2.0313653826674054,Return Home,373.654
0.11020192503929138,-0.11484210193157196,0.004208765458315611,0.0035417510662227735,-0.0022812851238995253,-2.0313680052717746,Return Home,373.908
0.10999792814254761,-0.11454679071903229,0.007357844617217779,0.0035292301326990006,-0.0022844995837658106,-2.0313713431318825,Return Home,374.149
0.11050562560558319,-0.1155128926038742,0.010135577991604805,0.003518427023664104,-0.0022691779304295223,-2.0313813567122048,Return Home,374.405
0.11087903380393982,-0.11624959111213684,0.012791690416634083,0.0034904109779745215,-0.002247201511636321,-2.031386363502366,Return Home,374.655
0.11082853376865387,-0.11625950038433075,0.015442606061697006,0.00347190676257013,-0.0022361343726515215,-2.031386125083787,Return Home,374.906
0.11060921847820282,-0.11590521037578583,0.017936095595359802,0.003458660561591374,-0.002215896965935772,-2.0313780188520973,Return Home,375.156
0.11110536754131317,-0.11681859195232391,0.020041951909661293,0.0034334668889641627,-0.002187890233471936,-2.031375873084885,Return Home,375.409
0.11158230900764465,-0.11766529083251953,0.021964021027088165,0.0034150804858654607,-0.0021707306150346444,-2.0313718199690407,Return Home,375.654
0.11166423559188843,-0.11784984171390533,0.023881657049059868,0.0034084627404808855,-0.0021517605055123025,-2.0313610911329807,Return Home,375.907
0.11144524812698364,-0.11752466857433319,0.025690339505672455,0.0033994035329669584,-0.002136623486876434,-2.0313455939253395,Return Home,376.158
0.11190488934516907,-0.11842471361160278,0.027246443554759026,0.0033762955572456004,-0.0021142947953193833,-2.031327950950486,Return Home,376.401
0.11216184496879578,-0.11901809275150299,0.028709007427096367,0.0033599890302866567,-0.002092058537527864,-2.0313079237898415,Return Home,376.659
0.11219292879104614,-0.11921446025371552,0.030120322480797768,0.003354418557137238,-0.0020890564192085916,-2.031295526023728,Return Home,376.906
0.1119581013917923,-0.11893482506275177,0.03142750263214111,0.003339437302201973,-0.0020696585997938568,-2.0312783598860324,Return Home,377.158
0.1124790608882904,-0.11997169256210327,0.03245513513684273,0.0033160164020955432,-0.0020502763800322463,-2.0312633395155495,Return Home,377.404
0.11280825734138489,-0.1206827312707901,0.03339185565710068,0.003304810728877771,-0.0020267851650714323,-2.031260955329759,Return Home,377.661
0.1128176599740982,-0.12084965407848358,0.03433133289217949,0.003281117184087622,-0.002006751485168879,-2.031245934959275,Return Home,377.906
0.11250849068164825,-0.12046055495738983,0.03521796688437462,0.003261353587731707,-0.001993741840124075,-2.031232106681687,Return Home,378.163
0.11294932663440704,-0.12137192487716675,0.035879939794540405,0.0032412782311439375,-0.0019694173242896258,-2.0312204241713108,Return Home,378.408
0.11332270503044128,-0.12210091948509216,0.03645579144358635,0.003220216836780298,-0.0019468410173430495,-2.0312003970106667,Return Home,378.658
0.11341425776481628,-0.12232699990272522,0.037084903568029404,0.0032024488318711385,-0.001934914733283167,-2.0311727404554905,Return Home,378.911
0.11329586803913116,-0.12223052978515625,0.0375562347471714,0.00318349036388098,-0.0019224223215132403,-2.0311365008314675,Return Home,379.155
0.11372965574264526,-0.12312644720077515,0.03788739815354347,0.003167124930769194,-0.001915001077577418,-2.0311057448347634,Return Home,379.41
0.11399637162685394,-0.12384079396724701,0.03814813867211342,0.0031513476278632753,-0.0018982088658958138,-2.031084048744065,Return Home,379.659
0.11389614641666412,-0.1238933801651001,0.03848310932517052,0.003140783868730055,-0.0018765984568744358,-2.031059968467576,Return Home,379.91
0.1135912537574768,-0.12359197437763214,0.0387200191617012,0.003116433974355446,-0.00184953107964242,-2.031033980842454,Return Home,380.164
0.11395658552646637,-0.12438634037971497,0.03881880268454552,0.003093127161264407,-0.0018286454724147376,-2.03099774121843,Return Home,380.409
0.11426703631877899,-0.12515848875045776,0.038792550563812256,0.0030681276693940046,-0.0018085476476698574,-2.03097389936052,Return Home,380.661
0.11424559354782104,-0.12537509202957153,0.038898419588804245,0.0030456727836280935,-0.0017838291823863435,-2.0309481501539777,Return Home,380.904
0.11398562788963318,-0.1251467913389206,0.03901464492082596,0.0030370815657079085,-0.0017674076370894367,-2.0309059500654763,Return Home,381.161
0.11435897648334503,-0.12598280608654022,0.039040472358465195,0.0030115295667201164,-0.0017417680937796283,-2.0308613657911843,Return Home,381.412
0.11456054449081421,-0.12655231356620789,0.039021361619234085,0.002988438354805099,-0.0017200274160131263,-2.030815827842576,Return Home,381.661
0.11457602679729462,-0.12677103281021118,0.039050061255693436,0.00295124412514268,-0.001709594856947606,-2.03079079389177,Return Home,381.914
0.11439800262451172,-0.1265723705291748,0.039037469774484634,0.0029340786859393003,-0.0016939208144321491,-2.0307500243147443,Return Home,382.156
0.11494587361812592,-0.12757104635238647,0.038904301822185516,0.002910293405875551,-0.0016729602357372097,-2.0307068705519264,Return Home,382.411
0.11533322930335999,-0.12830258905887604,0.03877389803528786,0.0028930585831403615,-0.0016492826398461515,-2.030665147300584,Return Home,382.659
0.1154087632894516,-0.12856891751289368,0.038750290870666504,0.002879292936995613,-0.001635420019738322,-2.030621278282029,Return Home,382.914
0.11522255837917328,-0.1284267157316208,0.03865939378738403,0.002855666447430837,-0.0016125140246003318,-2.0305728793104714,Return Home,383.16
0.11554890871047974,-0.129181370139122,0.03854639455676079,0.0028348322957754005,-0.0015939993318169763,-2.030519950385911,Return Home,383.405
0.11585158109664917,-0.12989269196987152,0.03837954252958298,0.0028000513557344545,-0.0015659887576475195,-2.0304748892744606,Return Home,383.666
0.11589078605175018,-0.1301564872264862,0.03829291835427284,0.0027760409284382937,-0.0015311740571632441,-2.0304322123488014,Return Home,383.913
0.11578504741191864,-0.13019289076328278,0.03814268112182617,0.0027653900906443483,-0.001508024171926027,-2.0303904890974587,Return Home,384.157
0.11622166633605957,-0.1311369091272354,0.03796927630901337,0.0027423168066888913,-0.0014852943131699618,-2.030354487892014,Return Home,384.408
0.11654159426689148,-0.13187657296657562,0.03775772452354431,0.0027151906397193553,-0.0014583969023078134,-2.03032110929094,Return Home,384.663
0.11659665405750275,-0.13214802742004395,0.0376257449388504,0.0026905871927738073,-0.0014386093243956024,-2.030269134040696,Return Home,384.915
0.11640007793903351,-0.13194569945335388,0.037491828203201294,0.0026618912816047543,-0.0014178965939208323,-2.0302171587904514,Return Home,385.162
0.11683936417102814,-0.13279421627521515,0.03726978227496147,0.002645837143063533,-0.0013909852132200646,-2.0301644682844704,Return Home,385.408
0.11717544496059418,-0.1335408091545105,0.03705158084630966,0.002619274426251637,-0.0013695707311853222,-2.0301084399183815,Return Home,385.668
0.1173144280910492,-0.13394708931446075,0.03687424585223198,0.00259511452168225,-0.0013652577763422782,-2.0300526499708718,Return Home,385.91
0.11716602742671967,-0.13391509652137756,0.03670790418982506,0.0025909496471285703,-0.0013448337558656382,-2.030010211463792,Return Home,386.163
0.11758111417293549,-0.13482409715652466,0.036483049392700195,0.002576699480414377,-0.0013180180685594136,-2.0299584746321266,Return Home,386.411
0.11789220571517944,-0.13561397790908813,0.03622804582118988,0.0025531302671879404,-0.001292777131311541,-2.0298969626387184,Return Home,386.663
0.11785264313220978,-0.13591118156909943,0.03613043949007988,0.0025431485846638554,-0.0012718163197859575,-2.02983282804094,Return Home,386.913
0.11765389144420624,-0.13598521053791046,0.035990159958601,0.0025240527465939396,-0.0012565482174977114,-2.0297655940016335,Return Home,387.169
0.11804057657718658,-0.13688518106937408,0.03578445315361023,0.0025128929410129655,-0.001251164707355147,-2.029705989356858,Return Home,387.412
0.1183817982673645,-0.13772502541542053,0.03553693741559982,0.0024990767706185454,-0.0012433573137968232,-2.0296437621077126,Return Home,387.668
0.1184224784374237,-0.138078972697258,0.035389382392168045,0.0024751152377575514,-0.001222815713845139,-2.02958606481157,Return Home,387.91
0.11823448538780212,-0.13808511197566986,0.03524329140782356,0.0024465448223054288,-0.001203171443194096,-2.0295219302137917,Return Home,388.167
